3 0.5015625 0.05625 0.996875 0.078125
3 0.5015625 0.165625 0.996875 0.071875
3 0.5015625 0.27421875 0.996875 0.0734375
3 0.5015625 0.3703125 0.996875 0.071875
3 0.5015625 0.5125 0.996875 0.08125
3 0.5015625 0.6265625 0.996875 0.08125
3 0.5015625 0.75859375 0.996875 0.0890625
3 0.5109375 0.88125 0.978125 0.09375
3 0.28359375 0.97734375 0.5609375 0.0421875
3 0.9359375 0.5984375 0.125 0.8
3 0.69765625 0.49921875 0.2546875 0.9984375
3 0.39296875 0.49921875 0.3421875 0.9984375
3 0.16015625 0.4515625 0.3140625 0.903125
3 0.03203125 0.0578125 0.0578125 0.115625