3 0.50390625 0.421875 0.9921875 0.04375
3 0.4609375 0.62421875 0.91875 0.0546875
3 0.49453125 0.84921875 0.9859375 0.0703125
3 0.5 0.2953125 0.996875 0.040625
3 0.5 0.1828125 1 0.05
3 0.50234375 0.1015625 0.9953125 0.046875
3 0.50078125 0.0234375 0.9984375 0.046875
3 0.940625 0.15859375 0.11875 0.3171875
3 0.8953125 0.3671875 0.209375 0.734375
3 0.79296875 0.5 0.1984375 1
3 0.6265625 0.5 0.090625 1
3 0.4703125 0.5 0.06875 1
3 0.315625 0.5 0.171875 1
3 0.14375 0.5 0.284375 1
3 0.0875 0.225 0.175 0.45
3 0.8796875 0.4640625 0.240625 0.928125