3 0.4796875 0.0640625 0.959375 0.128125
3 0.48359375 0.140625 0.9671875 0.1375
3 0.4875 0.2359375 0.975 0.134375
3 0.4953125 0.41875 0.990625 0.134375
3 0.4953125 0.40703125 0.990625 0.1359375
3 0.5046875 0.6140625 0.990625 0.14375
3 0.51015625 0.74375 0.9796875 0.140625
3 0.5140625 0.840625 0.971875 0.14375
3 0.16171875 0.5140625 0.1515625 0.971875
3 0.203125 0.5125 0.13125 0.975
3 0.57890625 0.496875 0.1921875 0.99375
3 0.7421875 0.49140625 0.246875 0.9828125
3 0.921875 0.2671875 0.15625 0.534375