3 0.5 0.05625 0.996875 0.078125
3 0.5 0.165625 0.996875 0.071875
3 0.5 0.27421875 0.996875 0.0734375
3 0.5 0.3703125 0.996875 0.071875
3 0.5 0.5125 0.996875 0.08125
3 0.5 0.6265625 0.996875 0.08125
3 0.5 0.75859375 0.996875 0.0890625
3 0.4890625 0.88125 0.978125 0.09375
3 0.71796875 0.97734375 0.5609375 0.0421875
3 0.065625 0.5984375 0.125 0.8
3 0.30390625 0.49921875 0.2546875 0.9984375
3 0.60859375 0.49921875 0.3421875 0.9984375
3 0.83984375 0.4515625 0.3140625 0.903125
3 0.96953125 0.0578125 0.0578125 0.115625