3 0.4984375 0.115625 0.996875 0.071875
3 0.4984375 0.1578125 0.996875 0.05625
3 0.4984375 0.36015625 0.996875 0.0359375
3 0.4984375 0.54296875 0.996875 0.0484375
3 0.4984375 0.57890625 0.996875 0.0453125
3 0.4984375 0.72421875 0.996875 0.0484375
3 0.55546875 0.81875 0.8828125 0.021875
3 0.57109375 0.92421875 0.8546875 0.0421875
3 0.24609375 0.50078125 0.1140625 0.9953125
3 0.428125 0.49921875 0.1 0.9984375
3 0.66015625 0.49921875 0.1109375 0.9984375
3 0.76484375 0.49921875 0.1234375 0.9984375
3 0.0515625 0.4015625 0.084375 0.803125
3 0.49765625 0.340625 0.9953125 0.046875