3 0.3859375 0.17734375 0.771875 0.3546875
3 0.409375 0.22421875 0.81875 0.4484375
3 0.4328125 0.2953125 0.865625 0.503125
3 0.45390625 0.38203125 0.9078125 0.5015625
3 0.50703125 0.5109375 0.93125 0.509375
3 0.5453125 0.6125 0.909375 0.509375
3 0.5734375 0.73203125 0.853125 0.5171875
3 0.60859375 0.790625 0.7828125 0.41875
3 0.51484375 0.940625 0.5234375 0.11875
3 0.8515625 0.39765625 0.296875 0.7734375
3 0.671875 0.45859375 0.65625 0.9171875
3 0.40234375 0.5109375 0.7453125 0.978125
3 0.25625 0.56484375 0.5125 0.8703125