3 0.86328125 0.3828125 0.2734375 0.765625
3 0.8484375 0.3890625 0.303125 0.778125
3 0.7953125 0.4125 0.409375 0.825
3 0.78984375 0.41484375 0.4203125 0.8296875
3 0.71328125 0.43515625 0.4453125 0.8703125
3 0.6453125 0.44921875 0.4375 0.8984375
3 0.6296875 0.44609375 0.41875 0.8921875
3 0.5328125 0.48671875 0.45 0.93125
3 0.4703125 0.5140625 0.4265625 0.9203125
3 0.45625 0.5203125 0.4234375 0.9203125
3 0.38046875 0.546875 0.4203125 0.90625
3 0.2765625 0.56796875 0.4375 0.8640625
3 0.25625 0.5734375 0.43125 0.853125
3 0.18828125 0.5953125 0.3765625 0.809375
3 0.1515625 0.6109375 0.303125 0.778125
3 0.91796875 0.78828125 0.1640625 0.1921875
3 0.57734375 0.77265625 0.8453125 0.4546875
3 0.5359375 0.5984375 0.928125 0.48125
3 0.48203125 0.4578125 0.9375 0.4640625
3 0.41875 0.2171875 0.8375 0.434375
3 0.3984375 0.17265625 0.796875 0.3453125