3 0.82265625 0.62265625 0.3546875 0.7546875
3 0.78671875 0.6046875 0.4265625 0.790625
3 0.73515625 0.5828125 0.4953125 0.834375
3 0.5734375 0.53828125 0.4953125 0.9109375
3 0.58359375 0.54375 0.496875 0.9109375
3 0.396875 0.453125 0.503125 0.90625
3 0.2828125 0.4234375 0.5 0.846875
3 0.22265625 0.4015625 0.4453125 0.803125
3 0.40234375 0.7734375 0.8046875 0.453125
3 0.41015625 0.759375 0.8203125 0.48125
3 0.53359375 0.42890625 0.9328125 0.5484375
3 0.56484375 0.290625 0.8703125 0.58125
3 0.8078125 0.2015625 0.384375 0.35625