3 0.20234375 0.58125 0.4046875 0.8375
3 0.421875 0.528125 0.4625 0.94375
3 0.51171875 0.49375 0.465625 0.9515625
3 0.7109375 0.4390625 0.43125 0.878125
3 0.83984375 0.4 0.3203125 0.8
3 0.4 0.16015625 0.8 0.3203125
3 0.40703125 0.178125 0.8140625 0.35625
3 0.43203125 0.26484375 0.8640625 0.4109375
3 0.45390625 0.3625 0.9078125 0.428125
3 0.46171875 0.40859375 0.9234375 0.4078125
3 0.53046875 0.57265625 0.9265625 0.409375
3 0.5390625 0.6109375 0.921875 0.425
3 0.56640625 0.73125 0.8671875 0.415625
3 0.58984375 0.8171875 0.8203125 0.365625
3 0.60078125 0.84375 0.7984375 0.3125