3 0.40546875 0.7828125 0.8109375 0.434375
3 0.46484375 0.57578125 0.9296875 0.5078125
3 0.50625 0.4890625 0.9328125 0.5109375
3 0.57109375 0.2921875 0.8578125 0.478125
3 0.61484375 0.17578125 0.7703125 0.3515625
3 0.82265625 0.615625 0.3546875 0.76875
3 0.80625 0.60703125 0.3875 0.7859375
3 0.728125 0.5796875 0.45625 0.840625
3 0.63359375 0.5546875 0.4734375 0.890625
3 0.5875 0.54453125 0.453125 0.9046875
3 0.4296875 0.4671875 0.4546875 0.9046875
3 0.39140625 0.45234375 0.4703125 0.9046875
3 0.2734375 0.42265625 0.4625 0.8453125
3 0.1984375 0.39609375 0.396875 0.7921875
3 0.171875 0.38359375 0.34375 0.7671875