3 0.48203125 0.4234375 0.9640625 0.315625
3 0.496875 0.63046875 0.8984375 0.30625
3 0.553125 0.83359375 0.89375 0.3328125
3 0.4640625 0.30234375 0.928125 0.3140625
3 0.45 0.19453125 0.9 0.3234375
3 0.43828125 0.1375 0.8765625 0.275
3 0.428125 0.10078125 0.85625 0.2015625
3 0.82890625 0.109375 0.2015625 0.21875
3 0.82109375 0.32265625 0.3578125 0.6453125
3 0.77421875 0.46328125 0.4515625 0.9265625
3 0.621875 0.47890625 0.3625 0.9578125
3 0.47109375 0.5078125 0.3421875 0.9796875
3 0.321875 0.52265625 0.440625 0.9546875
3 0.215625 0.5390625 0.43125 0.921875
3 0.08671875 0.3484375 0.1734375 0.48125
3 0.80546875 0.41953125 0.3890625 0.8390625