3 0.13828125 0.528125 0.25 0.7953125
3 0.43984375 0.18046875 0.7546875 0.253125
3 0.41796875 0.28515625 0.7515625 0.2375
3 0.403125 0.36328125 0.746875 0.2296875
3 0.3828125 0.4484375 0.746875 0.21875
3 0.365625 0.56328125 0.73125 0.2109375
3 0.35234375 0.68671875 0.7046875 0.2078125
3 0.33828125 0.81171875 0.6765625 0.1984375
3 0.328125 0.9015625 0.65625 0.196875
3 0.53203125 0.5703125 0.2171875 0.859375
3 0.70703125 0.58203125 0.2109375 0.8359375
3 0.35 0.546875 0.2140625 0.834375
3 0.184375 0.565625 0.19375 0.7328125
3 0.06953125 0.5015625 0.1390625 0.79375