3 0.53125 0.08046875 0.9375 0.1609375
3 0.52578125 0.14609375 0.9484375 0.1796875
3 0.5203125 0.21796875 0.959375 0.1828125
3 0.51640625 0.27578125 0.9671875 0.1765625
3 0.51328125 0.328125 0.9734375 0.171875
3 0.50859375 0.39453125 0.9828125 0.1703125
3 0.503125 0.46328125 0.99375 0.1796875
3 0.49453125 0.54609375 0.9890625 0.1765625
3 0.48828125 0.63515625 0.9765625 0.1671875
3 0.48046875 0.74140625 0.9609375 0.1609375
3 0.47421875 0.83359375 0.9484375 0.1640625
3 0.4703125 0.88671875 0.940625 0.1609375
3 0.45234375 0.94375 0.9046875 0.1125
3 0.08984375 0.46875 0.1796875 0.9375
3 0.41015625 0.4921875 0.1984375 0.984375
3 0.65859375 0.51015625 0.2328125 0.9796875
3 0.9125 0.53046875 0.175 0.9390625