3 0.846875 0.575 0.30625 0.85
3 0.77578125 0.559375 0.3484375 0.88125
3 0.690625 0.54375 0.35 0.9125
3 0.58203125 0.525 0.3515625 0.95
3 0.45078125 0.48125 0.35 0.9515625
3 0.3140625 0.45390625 0.34375 0.9078125
3 0.18828125 0.4328125 0.3484375 0.865625
3 0.125 0.4140625 0.25 0.828125
3 0.9453125 0.5125 0.109375 0.659375
3 0.55390625 0.2140625 0.8921875 0.428125
3 0.51953125 0.421875 0.9609375 0.409375
3 0.4671875 0.62265625 0.934375 0.3578125
3 0.4328125 0.82421875 0.865625 0.3515625
3 0.86640625 0.15546875 0.2671875 0.1953125