3 0.5078125 0.0625 0.984375 0.11875
3 0.50625 0.1640625 0.9875 0.090625
3 0.5046875 0.2265625 0.990625 0.096875
3 0.50390625 0.284375 0.9921875 0.0875
3 0.50234375 0.3796875 0.9953125 0.08125
3 0.50234375 0.4109375 0.9953125 0.06875
3 0.49921875 0.5375 0.9984375 0.06875
3 0.496875 0.66484375 0.99375 0.0578125
3 0.49609375 0.70390625 0.9921875 0.0578125
3 0.49453125 0.796875 0.9890625 0.05625
3 0.49296875 0.89375 0.9859375 0.06875
3 0.4921875 0.93125 0.984375 0.06875
3 0.88359375 0.50625 0.1109375 0.9875
3 0.70703125 0.50234375 0.1265625 0.9953125
3 0.4890625 0.5 0.1625 1
3 0.275 0.49609375 0.1375 0.9921875
3 0.215625 0.49453125 0.153125 0.9890625
3 0.0671875 0.4921875 0.134375 0.984375