3 0.871875 0.434375 0.25625 0.86875
3 0.82421875 0.446875 0.3296875 0.89375
3 0.76171875 0.45625 0.3359375 0.9125
3 0.70859375 0.46328125 0.3265625 0.9265625
3 0.61484375 0.4765625 0.3203125 0.953125
3 0.58671875 0.47890625 0.3078125 0.9578125
3 0.465625 0.509375 0.3078125 0.96875
3 0.34140625 0.53046875 0.2984375 0.9390625
3 0.30546875 0.5359375 0.2984375 0.928125
3 0.2140625 0.54921875 0.296875 0.9015625
3 0.13828125 0.5609375 0.2765625 0.878125
3 0.1203125 0.56640625 0.240625 0.8671875
3 0.44296875 0.15234375 0.8859375 0.3046875
3 0.46796875 0.30234375 0.9359375 0.3640625
3 0.503125 0.51171875 0.99375 0.3984375
3 0.534375 0.715625 0.93125 0.375
3 0.54140625 0.77265625 0.9171875 0.3890625
3 0.56328125 0.865625 0.8734375 0.26875