3 0.9625 0.50078125 0.075 0.9984375
3 0.9375 0.50078125 0.075 0.9984375
3 0.7125 0.50078125 0.05 0.9984375
3 0.64375 0.50078125 0.05 0.9984375
3 0.46875 0.50078125 0.021875 0.9984375
3 0.37890625 0.50078125 0.0171875 0.9984375
3 0.221875 0.50078125 0.05 0.9984375
3 0.1203125 0.50078125 0.053125 0.9984375
3 0.028125 0.52578125 0.053125 0.9484375
3 0.50078125 0.94765625 0.9984375 0.0515625
3 0.50078125 0.90859375 0.9984375 0.0609375
3 0.50078125 0.7171875 0.9984375 0.08125
3 0.50078125 0.59609375 0.9984375 0.0546875
3 0.50078125 0.54921875 0.9984375 0.0609375
3 0.50078125 0.4171875 0.9984375 0.06875
3 0.50078125 0.20859375 0.9984375 0.0390625
3 0.50078125 0.1546875 0.9984375 0.05