3 0.5453125 0.11328125 0.909375 0.2265625
3 0.5328125 0.2109375 0.934375 0.26875
3 0.51953125 0.33515625 0.9609375 0.2640625
3 0.50234375 0.48515625 0.990625 0.2703125
3 0.48203125 0.63984375 0.9640625 0.2734375
3 0.4625 0.8328125 0.925 0.290625
3 0.11953125 0.07109375 0.1046875 0.1421875
3 0.159375 0.46328125 0.31875 0.9265625
3 0.28046875 0.47734375 0.3421875 0.9546875
3 0.46796875 0.496875 0.3421875 0.99375
3 0.6140625 0.515625 0.240625 0.96875
3 0.76484375 0.53203125 0.2359375 0.9359375
3 0.89609375 0.54765625 0.2078125 0.9046875