3 0.42265625 0.1296875 0.8453125 0.259375
3 0.43984375 0.18125 0.8796875 0.3625
3 0.45703125 0.290625 0.9140625 0.359375
3 0.47578125 0.40078125 0.9515625 0.3671875
3 0.5 0.503125 0.96875 0.36875
3 0.52578125 0.61796875 0.9484375 0.3765625
3 0.546875 0.75078125 0.90625 0.3828125
3 0.57421875 0.8671875 0.8515625 0.265625
3 0.18515625 0.5578125 0.3703125 0.884375
3 0.4046875 0.51328125 0.484375 0.9734375
3 0.63046875 0.484375 0.5390625 0.96875
3 0.77578125 0.44375 0.4484375 0.8875
3 0.815625 0.0359375 0.125 0.071875