3 0.90546875 0.5109375 0.0703125 0.978125
3 0.88203125 0.5109375 0.0640625 0.978125
3 0.72265625 0.50625 0.0640625 0.9875
3 0.69921875 0.50546875 0.0671875 0.9890625
3 0.53828125 0.5015625 0.0765625 0.996875
3 0.52265625 0.5015625 0.0671875 0.996875
3 0.35078125 0.49609375 0.0828125 0.9921875
3 0.30859375 0.4953125 0.0984375 0.990625
3 0.15078125 0.49140625 0.1046875 0.9828125
3 0.10859375 0.48984375 0.1015625 0.9796875
3 0.49375 0.7484375 0.9875 0.1125
3 0.50234375 0.40390625 0.9953125 0.1515625
3 0.50859375 0.12109375 0.9828125 0.1984375
3 0.59921875 0.071875 0.8015625 0.14375