3 0.53828125 0.07265625 0.9234375 0.1453125
3 0.5296875 0.13515625 0.940625 0.2328125
3 0.51875 0.26640625 0.9625 0.2328125
3 0.51171875 0.36171875 0.9765625 0.2296875
3 0.50078125 0.49453125 0.9984375 0.2328125
3 0.48828125 0.6359375 0.9765625 0.221875
3 0.47578125 0.80234375 0.9515625 0.2203125
3 0.46171875 0.93046875 0.9234375 0.1390625
3 0.90703125 0.53359375 0.1859375 0.9328125
3 0.65859375 0.5109375 0.2703125 0.978125
3 0.37890625 0.4890625 0.2140625 0.978125
3 0.125 0.4703125 0.25 0.940625