3 0.4203125 0.14296875 0.840625 0.2859375
3 0.43515625 0.20234375 0.8703125 0.3390625
3 0.446875 0.26953125 0.89375 0.3359375
3 0.484375 0.45703125 0.95 0.340625
3 0.4796875 0.44375 0.95 0.340625
3 0.5328125 0.61640625 0.934375 0.3359375
3 0.54921875 0.715625 0.9015625 0.34375
3 0.5671875 0.821875 0.865625 0.340625
3 0.1640625 0.57109375 0.328125 0.8578125
3 0.215625 0.553125 0.43125 0.89375
3 0.40859375 0.5265625 0.3546875 0.946875
3 0.6875 0.45859375 0.390625 0.9171875
3 0.746875 0.45390625 0.453125 0.9078125