3 0.8796875 0.41328125 0.240625 0.8265625
3 0.83671875 0.428125 0.3265625 0.85625
3 0.77734375 0.44453125 0.3953125 0.8890625
3 0.68515625 0.4609375 0.4015625 0.921875
3 0.58046875 0.478125 0.3984375 0.95625
3 0.4734375 0.51015625 0.4015625 0.9703125
3 0.35390625 0.53203125 0.4046875 0.9359375
3 0.21328125 0.55625 0.4078125 0.8875
3 0.1421875 0.5921875 0.284375 0.815625
3 0.553125 0.7796875 0.89375 0.440625
3 0.51015625 0.603125 0.9796875 0.584375
3 0.49453125 0.38828125 0.9890625 0.6390625
3 0.4609375 0.2578125 0.921875 0.515625
3 0.66328125 0.05859375 0.3859375 0.1171875