3 0.9734375 0.5015625 0.053125 0.996875
3 0.85390625 0.5015625 0.0703125 0.996875
3 0.7515625 0.5015625 0.0625 0.996875
3 0.646875 0.5015625 0.040625 0.996875
3 0.5375 0.5015625 0.03125 0.996875
3 0.41875 0.5171875 0.034375 0.965625
3 0.29296875 0.5140625 0.0515625 0.971875
3 0.1734375 0.51171875 0.05 0.9765625
3 0.03125 0.51171875 0.03125 0.9765625
3 0.50078125 0.871875 0.9984375 0.128125
3 0.50078125 0.65 0.9984375 0.0875
3 0.50078125 0.4265625 0.9984375 0.065625
3 0.50078125 0.2296875 0.9984375 0.034375
3 0.50078125 0.0296875 0.9984375 0.05625
3 0.06484375 0.13125 0.1265625 0.03125