3 0.46328125 0.08359375 0.9265625 0.1671875
3 0.471875 0.16875 0.94375 0.2125
3 0.48046875 0.2828125 0.9609375 0.209375
3 0.48984375 0.396875 0.9796875 0.215625
3 0.5 0.503125 0.9953125 0.2171875
3 0.51015625 0.62109375 0.9796875 0.2265625
3 0.5203125 0.76015625 0.959375 0.2328125
3 0.534375 0.91171875 0.93125 0.1765625
3 0.1546875 0.5265625 0.25625 0.946875
3 0.40078125 0.503125 0.3390625 0.99375
3 0.63671875 0.49453125 0.3953125 0.9890625
3 0.81796875 0.46875 0.3640625 0.9375
3 0.89453125 0.06328125 0.0984375 0.1265625