3 0.4765625 0.4265625 0.953125 0.33125
3 0.56328125 0.60703125 0.8734375 0.3203125
3 0.56328125 0.8265625 0.8734375 0.346875
3 0.46171875 0.30390625 0.9234375 0.3296875
3 0.44609375 0.196875 0.8921875 0.340625
3 0.43203125 0.14375 0.8640625 0.2875
3 0.421875 0.10625 0.84375 0.2125
3 0.04140625 0.3015625 0.0828125 0.3375
3 0.1453125 0.48828125 0.290625 0.7640625
3 0.23046875 0.5390625 0.4609375 0.921875
3 0.38046875 0.52265625 0.3796875 0.9546875
3 0.528125 0.49140625 0.3578125 0.9765625
3 0.6765625 0.47421875 0.45625 0.9484375
3 0.7796875 0.45703125 0.440625 0.9140625
3 0.81328125 0.178125 0.2984375 0.35625
3 0.18828125 0.5484375 0.3765625 0.903125