3 0.54453125 0.0625 0.9109375 0.125
3 0.54140625 0.07890625 0.9171875 0.1578125
3 0.53125 0.165625 0.9375 0.20625
3 0.53046875 0.18359375 0.9390625 0.1984375
3 0.521875 0.26953125 0.95625 0.2171875
3 0.515625 0.34453125 0.96875 0.2078125
3 0.52109375 0.3609375 0.9578125 0.190625
3 0.50390625 0.46640625 0.9921875 0.2203125
3 0.49296875 0.53359375 0.9859375 0.1953125
3 0.49140625 0.54921875 0.9828125 0.1921875
3 0.484375 0.63046875 0.96875 0.1890625
3 0.475 0.74140625 0.95 0.2078125
3 0.4734375 0.76328125 0.946875 0.2015625
3 0.4640625 0.8671875 0.928125 0.203125
3 0.45703125 0.92265625 0.9140625 0.1546875
3 0.09921875 0.125 0.1203125 0.25
3 0.159375 0.471875 0.31875 0.94375
3 0.39296875 0.4890625 0.2546875 0.978125
3 0.54453125 0.5046875 0.2359375 0.990625
3 0.83125 0.52890625 0.25625 0.9421875
3 0.89921875 0.5375 0.2015625 0.925