3 0.4984375 0.04453125 0.996875 0.0578125
3 0.4984375 0.12890625 0.996875 0.0453125
3 0.4984375 0.215625 0.996875 0.040625
3 0.50390625 0.31953125 0.9890625 0.0296875
3 0.4984375 0.4203125 0.996875 0.015625
3 0.4984375 0.553125 0.996875 0.0125
3 0.4984375 0.696875 0.996875 0.028125
3 0.4984375 0.83984375 0.996875 0.0296875
3 0.44296875 0.9828125 0.8859375 0.03125
3 0.03671875 0.1921875 0.0734375 0.384375
3 0.1859375 0.49921875 0.13125 0.9984375
3 0.403125 0.49921875 0.053125 0.9984375
3 0.6359375 0.49921875 0.0625 0.9984375
3 0.84921875 0.49921875 0.1265625 0.9984375