3 0.5046875 0.028125 0.990625 0.053125
3 0.5046875 0.07109375 0.990625 0.0640625
3 0.50390625 0.13046875 0.9921875 0.0546875
3 0.503125 0.18671875 0.99375 0.0546875
3 0.503125 0.24609375 0.99375 0.0484375
3 0.50234375 0.30625 0.9953125 0.05625
3 0.5015625 0.3640625 0.996875 0.053125
3 0.50078125 0.4421875 0.996875 0.0515625
3 0.5 0.5046875 0.996875 0.0578125
3 0.4984375 0.57265625 0.996875 0.05625
3 0.49765625 0.65078125 0.9953125 0.0421875
3 0.496875 0.73359375 0.99375 0.0515625
3 0.49609375 0.815625 0.9921875 0.03125
3 0.4953125 0.89765625 0.990625 0.0359375
3 0.49453125 0.98359375 0.9890625 0.0328125
3 0.115625 0.49609375 0.071875 0.9921875
3 0.33046875 0.49765625 0.1046875 0.9953125
3 0.5921875 0.4921875 0.1484375 0.9828125
3 0.83671875 0.50234375 0.1828125 0.9953125
3 0.9765625 0.1234375 0.046875 0.23125