3 0.85234375 0.25 0.2953125 0.5
3 0.54140625 0.65703125 0.9171875 0.5453125
3 0.515625 0.5421875 0.9359375 0.46875
3 0.39296875 0.32890625 0.7859375 0.4578125
3 0.29921875 0.45234375 0.3421875 0.7015625
3 0.421875 0.20625 0.84375 0.4125
3 0.40625 0.18984375 0.8125 0.3796875
3 0.0890625 0.584375 0.178125 0.690625
3 0.14609375 0.5484375 0.2921875 0.678125
3 0.53828125 0.34765625 0.3390625 0.6953125
3 0.45078125 0.33203125 0.9015625 0.4640625
3 0.71015625 0.2609375 0.2953125 0.521875
3 0.77265625 0.2609375 0.3078125 0.521875
3 0.4296875 0.39453125 0.340625 0.7015625
3 0.49375 0.48671875 0.925 0.434375
3 0.5328125 0.59609375 0.934375 0.4984375
3 0.4296875 0.24140625 0.859375 0.4828125
3 0.68125 0.31640625 0.33125 0.6328125
3 0.41328125 0.1359375 0.7765625 0.271875