3 0.60390625 0.13046875 0.7921875 0.2609375
3 0.59140625 0.16171875 0.8171875 0.3234375
3 0.5765625 0.2015625 0.846875 0.390625
3 0.56171875 0.27734375 0.8765625 0.3890625
3 0.54296875 0.3671875 0.9140625 0.390625
3 0.51328125 0.46484375 0.9328125 0.390625
3 0.47109375 0.56875 0.934375 0.3953125
3 0.44296875 0.7125 0.8859375 0.421875
3 0.415625 0.81796875 0.83125 0.3640625
3 0.16953125 0.4109375 0.3390625 0.821875
3 0.275 0.4375 0.39375 0.875
3 0.478125 0.48984375 0.465625 0.9625
3 0.6859375 0.534375 0.58125 0.93125
3 0.80234375 0.565625 0.3953125 0.86875