3 0.49921875 0.0625 0.9984375 0.05
3 0.49921875 0.14375 0.9984375 0.040625
3 0.49921875 0.215625 0.9984375 0.04375
3 0.49921875 0.2734375 0.9984375 0.0375
3 0.49921875 0.32734375 0.9984375 0.0328125
3 0.49921875 0.39375 0.9984375 0.03125
3 0.49921875 0.4640625 0.9984375 0.040625
3 0.49921875 0.546875 0.9984375 0.0375
3 0.49921875 0.6375 0.9984375 0.028125
3 0.49921875 0.74375 0.9984375 0.021875
3 0.49921875 0.8375 0.9984375 0.025
3 0.49921875 0.890625 0.9984375 0.021875
3 0.48671875 0.9734375 0.9734375 0.021875
3 0.08046875 0.49921875 0.0515625 0.9984375
3 0.409375 0.49921875 0.059375 0.9984375
3 0.66015625 0.49921875 0.0953125 0.9984375
3 0.946875 0.49921875 0.096875 0.9984375