3 0.87578125 0.42734375 0.2484375 0.8546875
3 0.81953125 0.44375 0.3453125 0.8875
3 0.71171875 0.459375 0.3421875 0.91875
3 0.6 0.47734375 0.35 0.9546875
3 0.496875 0.5 0.3515625 0.9734375
3 0.38203125 0.5234375 0.3609375 0.953125
3 0.24765625 0.54296875 0.3671875 0.9140625
3 0.12734375 0.56953125 0.2546875 0.8609375
3 0.4453125 0.1796875 0.890625 0.359375
3 0.48828125 0.403125 0.9765625 0.46875
3 0.5140625 0.63203125 0.971875 0.5234375
3 0.553125 0.78046875 0.89375 0.4390625
3 0.9609375 0.8234375 0.078125 0.121875