3 0.6015625 0.1359375 0.796875 0.271875
3 0.578125 0.1953125 0.84375 0.390625
3 0.559375 0.265625 0.88125 0.43125
3 0.54140625 0.36328125 0.9171875 0.4109375
3 0.51328125 0.465625 0.9375 0.4015625
3 0.4546875 0.56953125 0.909375 0.3953125
3 0.434375 0.6859375 0.86875 0.4125
3 0.4140625 0.79609375 0.828125 0.4078125
3 0.3859375 0.86640625 0.771875 0.2671875
3 0.20078125 0.4234375 0.4015625 0.846875
3 0.36171875 0.4609375 0.4546875 0.921875
3 0.56796875 0.52578125 0.4328125 0.9484375
3 0.75 0.565625 0.40625 0.86875
3 0.86171875 0.60078125 0.2765625 0.7984375