3 0.48984375 0.4234375 0.9796875 0.18125
3 0.54921875 0.6171875 0.9015625 0.18125
3 0.53125 0.84375 0.9375 0.20625
3 0.484375 0.29609375 0.96875 0.1796875
3 0.4765625 0.18515625 0.953125 0.1890625
3 0.46875 0.1046875 0.9375 0.184375
3 0.46484375 0.06015625 0.9296875 0.1203125
3 0.04921875 0.221875 0.0984375 0.33125
3 0.121875 0.4234375 0.24375 0.75625
3 0.21015625 0.515625 0.3359375 0.96875
3 0.37578125 0.5078125 0.2296875 0.984375
3 0.52890625 0.49765625 0.2078125 0.9953125
3 0.6828125 0.490625 0.309375 0.98125
3 0.821875 0.48203125 0.35625 0.9640625
3 0.86953125 0.20234375 0.2359375 0.4046875
3 0.15078125 0.5171875 0.3015625 0.953125