3 0.82578125 0.39921875 0.3484375 0.7984375
3 0.73984375 0.42890625 0.4453125 0.8578125
3 0.59609375 0.46171875 0.4484375 0.9234375
3 0.434375 0.5296875 0.4515625 0.9328125
3 0.27421875 0.56640625 0.4546875 0.8671875
3 0.17109375 0.60234375 0.3421875 0.7953125
3 0.23671875 0.96328125 0.1203125 0.0734375
3 0.059375 0.5671875 0.11875 0.30625
3 0.5921875 0.80546875 0.815625 0.3890625
3 0.5421875 0.6375 0.915625 0.50625
3 0.4734375 0.4140625 0.946875 0.534375
3 0.4234375 0.22890625 0.846875 0.4578125