3 0.48359375 0.41796875 0.9671875 0.2859375
3 0.49296875 0.47578125 0.978125 0.278125
3 0.51484375 0.578125 0.9703125 0.271875
3 0.5234375 0.65234375 0.953125 0.2859375
3 0.53046875 0.71171875 0.9390625 0.2890625
3 0.44921875 0.559375 0.1203125 0.3765625
3 0.57265625 0.5296875 0.11875 0.3671875
3 0.690625 0.49765625 0.140625 0.3734375
3 0.80390625 0.46171875 0.1546875 0.371875
3 0.91953125 0.434375 0.1609375 0.384375
3 0.3328125 0.58515625 0.1453125 0.3859375
3 0.20546875 0.61953125 0.1625 0.3859375
3 0.08671875 0.65078125 0.1734375 0.3828125
3 0.47890625 0.371875 0.9578125 0.278125
3 0.5375 0.75234375 0.925 0.2640625