3 0.43515625 0.1078125 0.8703125 0.215625
3 0.43984375 0.12578125 0.8796875 0.2515625
3 0.44921875 0.178125 0.8984375 0.28125
3 0.45703125 0.24375 0.9140625 0.26875
3 0.46328125 0.28828125 0.9265625 0.2765625
3 0.4765625 0.38515625 0.953125 0.2734375
3 0.47890625 0.40703125 0.9578125 0.2671875
3 0.50859375 0.5359375 0.9671875 0.26875
3 0.5140625 0.55703125 0.971875 0.2921875
3 0.53671875 0.7265625 0.9265625 0.290625
3 0.56171875 0.8828125 0.8765625 0.234375
3 0.56484375 0.896875 0.8703125 0.20625
3 0.1625 0.54921875 0.325 0.9015625
3 0.23359375 0.54140625 0.2984375 0.9171875
3 0.4734375 0.50625 0.3078125 0.978125
3 0.4984375 0.5 0.3125 0.9796875
3 0.74453125 0.465625 0.3828125 0.93125
3 0.80078125 0.459375 0.3984375 0.91875
3 0.84453125 0.0640625 0.1328125 0.128125