3 0.90625 0.496875 0.071875 0.99375
3 0.790625 0.49765625 0.084375 0.9953125
3 0.659375 0.4984375 0.1 0.996875
3 0.540625 0.50078125 0.1078125 0.9984375
3 0.39921875 0.5015625 0.1296875 0.996875
3 0.23828125 0.503125 0.1453125 0.99375
3 0.09609375 0.50390625 0.1609375 0.9921875
3 0.421875 0.90703125 0.83125 0.1859375
3 0.08125 0.98671875 0.14375 0.0265625
3 0.5015625 0.78203125 0.996875 0.2609375
3 0.50078125 0.63828125 0.9984375 0.2921875
3 0.5 0.50859375 1 0.3015625
3 0.5 0.371875 1 0.35625
3 0.49921875 0.23984375 0.9984375 0.3671875
3 0.57734375 0.15859375 0.8359375 0.3171875
3 0.7234375 0.10078125 0.540625 0.2015625
3 0.9015625 0.0390625 0.18125 0.078125