3 0.41796875 0.11484375 0.8359375 0.2296875
3 0.43203125 0.15859375 0.8640625 0.3171875
3 0.44765625 0.22109375 0.8953125 0.3796875
3 0.4625 0.3140625 0.925 0.384375
3 0.4796875 0.41796875 0.959375 0.3828125
3 0.5078125 0.52734375 0.975 0.3875
3 0.5296875 0.6484375 0.940625 0.390625
3 0.55234375 0.78828125 0.8953125 0.3921875
3 0.57421875 0.86796875 0.8515625 0.2640625
3 0.21484375 0.5484375 0.4296875 0.903125
3 0.3953125 0.5078125 0.56875 0.984375
3 0.6109375 0.49453125 0.625 0.9890625
3 0.74609375 0.46328125 0.5078125 0.9265625
3 0.8078125 0.12890625 0.246875 0.2578125