3 0.40703125 0.13984375 0.8140625 0.2796875
3 0.41328125 0.15625 0.8265625 0.3125
3 0.42578125 0.1890625 0.8515625 0.378125
3 0.43671875 0.25234375 0.8734375 0.3671875
3 0.44609375 0.2953125 0.8921875 0.375
3 0.46328125 0.3890625 0.9265625 0.371875
3 0.4671875 0.41015625 0.934375 0.3671875
3 0.5140625 0.534375 0.9359375 0.36875
3 0.521875 0.55546875 0.94375 0.390625
3 0.55625 0.7203125 0.8875 0.3875
3 0.590625 0.8515625 0.81875 0.296875
3 0.59609375 0.86484375 0.8078125 0.2703125
3 0.80703125 0.42578125 0.3859375 0.8515625
3 0.75625 0.43671875 0.396875 0.8734375
3 0.525 0.48984375 0.40625 0.95
3 0.5015625 0.4984375 0.4109375 0.9515625
3 0.2625 0.55 0.478125 0.9
3 0.22734375 0.559375 0.4546875 0.88125