3 0.515625 0.06484375 0.96875 0.1296875
3 0.51171875 0.165625 0.9765625 0.140625
3 0.5078125 0.27421875 0.984375 0.1421875
3 0.5046875 0.3703125 0.990625 0.140625
3 0.49921875 0.5125 0.9984375 0.15
3 0.4953125 0.6265625 0.990625 0.15
3 0.490625 0.75703125 0.98125 0.1578125
3 0.4765625 0.8796875 0.953125 0.1625
3 0.684375 0.975 0.5625 0.05
3 0.075 0.5671875 0.15 0.80625
3 0.30390625 0.49609375 0.3234375 0.9921875
3 0.60859375 0.5 0.4109375 1
3 0.8265625 0.47421875 0.346875 0.9234375
3 0.9828125 0.090625 0.034375 0.11875