3 0.82421875 0.63046875 0.2234375 0.7390625
3 0.6484375 0.2265625 0.703125 0.228125
3 0.63984375 0.33203125 0.7203125 0.2140625
3 0.63359375 0.41015625 0.7328125 0.2046875
3 0.62578125 0.49609375 0.7484375 0.1953125
3 0.60703125 0.6125 0.7484375 0.1859375
3 0.58515625 0.7359375 0.7484375 0.1828125
3 0.56328125 0.86171875 0.746875 0.1734375
3 0.54609375 0.9328125 0.7484375 0.134375
3 0.44375 0.55546875 0.1875 0.865625
3 0.26953125 0.51640625 0.1796875 0.878125
3 0.62109375 0.58984375 0.1859375 0.8203125
3 0.7671875 0.65546875 0.16875 0.6890625
3 0.91953125 0.63984375 0.1609375 0.7203125