3 0.5875 0.17109375 0.825 0.3421875
3 0.59140625 0.16015625 0.8171875 0.3203125
3 0.5609375 0.26328125 0.878125 0.4171875
3 0.5421875 0.36015625 0.915625 0.4109375
3 0.53125 0.42109375 0.9359375 0.4
3 0.48046875 0.546875 0.9359375 0.3984375
3 0.44453125 0.68828125 0.8890625 0.3921875
3 0.42890625 0.77109375 0.8578125 0.3984375
3 0.4140625 0.821875 0.828125 0.35625
3 0.18359375 0.40703125 0.3671875 0.8140625
3 0.26875 0.44140625 0.446875 0.8828125
3 0.41796875 0.46875 0.4171875 0.9375
3 0.5671875 0.52578125 0.434375 0.9484375
3 0.646875 0.54453125 0.409375 0.9109375
3 0.83359375 0.58984375 0.3328125 0.8203125