3 0.49921875 0.10703125 0.9984375 0.0453125
3 0.49921875 0.08515625 0.9984375 0.0421875
3 0.49921875 0.2453125 0.9984375 0.046875
3 0.49921875 0.34921875 0.9984375 0.0390625
3 0.49921875 0.415625 0.9984375 0.028125
3 0.49921875 0.55078125 0.9984375 0.0265625
3 0.49921875 0.70390625 0.9984375 0.0203125
3 0.49921875 0.79296875 0.9984375 0.0265625
3 0.49921875 0.875 0.9984375 0.034375
3 0.12109375 0.48984375 0.0671875 0.9796875
3 0.25 0.49921875 0.078125 0.9984375
3 0.4109375 0.49921875 0.046875 0.9984375
3 0.571875 0.49921875 0.065625 0.9984375
3 0.6578125 0.49921875 0.0375 0.9984375
3 0.9171875 0.49921875 0.06875 0.9984375