3 0.83359375 0.63671875 0.3328125 0.7265625
3 0.8125 0.625 0.375 0.75
3 0.78828125 0.6125 0.4234375 0.775
3 0.7625 0.5984375 0.475 0.803125
3 0.72265625 0.58515625 0.4953125 0.8296875
3 0.671875 0.57109375 0.503125 0.8578125
3 0.61875 0.55703125 0.5 0.8859375
3 0.55234375 0.528125 0.4984375 0.896875
3 0.496875 0.4984375 0.503125 0.9
3 0.4375 0.46640625 0.503125 0.8984375
3 0.3671875 0.4375 0.490625 0.875
3 0.29296875 0.41875 0.4984375 0.8375
3 0.2296875 0.39765625 0.459375 0.7953125
3 0.1953125 0.37890625 0.390625 0.7578125
3 0.15703125 0.35859375 0.3140625 0.7171875
3 0.61328125 0.21015625 0.7734375 0.4203125
3 0.559375 0.35078125 0.88125 0.5453125
3 0.46484375 0.5859375 0.928125 0.5765625
3 0.4109375 0.7453125 0.821875 0.509375