3 0.5828125 0.18125 0.834375 0.3625
3 0.5765625 0.196875 0.846875 0.39375
3 0.540625 0.36875 0.91875 0.40625
3 0.4828125 0.5390625 0.9421875 0.41875
3 0.46953125 0.571875 0.9390625 0.415625
3 0.44296875 0.70625 0.8859375 0.41875
3 0.43203125 0.81640625 0.8265625 0.3515625
3 0.40703125 0.8703125 0.8078125 0.259375
3 0.2640625 0.44375 0.478125 0.8875
3 0.43359375 0.4765625 0.4671875 0.953125
3 0.64765625 0.5375 0.4765625 0.925
3 0.74609375 0.55625 0.4890625 0.8875
3 0.15546875 0.3140625 0.3109375 0.628125
3 0.54375 0.3515625 0.9125 0.415625