3 0.5125 0.03671875 0.975 0.0734375
3 0.51015625 0.10859375 0.9796875 0.1046875
3 0.50859375 0.17890625 0.9828125 0.1078125
3 0.50703125 0.22578125 0.9859375 0.1015625
3 0.5046875 0.33984375 0.990625 0.1078125
3 0.503125 0.37734375 0.99375 0.0953125
3 0.5 0.50546875 0.9984375 0.1125
3 0.4953125 0.64765625 0.990625 0.1046875
3 0.49453125 0.6828125 0.9890625 0.109375
3 0.4921875 0.78125 0.984375 0.10625
3 0.48984375 0.86796875 0.9796875 0.1078125
3 0.48828125 0.92890625 0.9765625 0.1046875
3 0.171875 0.49140625 0.159375 0.9828125
3 0.3890625 0.49765625 0.15625 0.9953125
3 0.50078125 0.5 0.1828125 1
3 0.63046875 0.50234375 0.1703125 0.9953125
3 0.79453125 0.50625 0.1984375 0.9875
3 0.88046875 0.51875 0.1953125 0.9625