3 0.95546875 0.4984375 0.0578125 0.996875
3 0.87109375 0.4984375 0.0453125 0.996875
3 0.784375 0.4984375 0.040625 0.996875
3 0.68125 0.50390625 0.03125 0.9890625
3 0.5796875 0.4984375 0.015625 0.996875
3 0.446875 0.4984375 0.0125 0.996875
3 0.303125 0.4984375 0.028125 0.996875
3 0.16015625 0.4984375 0.0296875 0.996875
3 0.0171875 0.44375 0.03125 0.884375
3 0.8078125 0.03671875 0.384375 0.0734375
3 0.50078125 0.1859375 0.9984375 0.13125
3 0.50078125 0.403125 0.9984375 0.053125
3 0.50078125 0.63671875 0.9984375 0.0640625
3 0.50078125 0.84921875 0.9984375 0.1265625