3 0.546875 0.078125 0.90625 0.15625
3 0.534375 0.1515625 0.93125 0.259375
3 0.525 0.25234375 0.95 0.2515625
3 0.51640625 0.35546875 0.9671875 0.2296875
3 0.50625 0.4640625 0.9859375 0.2203125
3 0.47265625 0.57734375 0.9453125 0.2203125
3 0.4640625 0.70078125 0.928125 0.2359375
3 0.45546875 0.81796875 0.9109375 0.2359375
3 0.440625 0.92421875 0.88125 0.1515625
3 0.14609375 0.46484375 0.2921875 0.9296875
3 0.35390625 0.484375 0.2765625 0.96875
3 0.571875 0.50859375 0.253125 0.9828125
3 0.765625 0.52890625 0.225 0.9421875
3 0.91953125 0.546875 0.1609375 0.90625
3 0.77890625 0.9671875 0.0546875 0.065625