3 0.50078125 0.87578125 0.9984375 0.1203125
3 0.50078125 0.584375 0.9984375 0.078125
3 0.50078125 0.4875 0.9984375 0.08125
3 0.50078125 0.26953125 0.9984375 0.0453125
3 0.50078125 0.06328125 0.9984375 0.0578125
3 0.9203125 0.5015625 0.028125 0.996875
3 0.890625 0.5015625 0.04375 0.996875
3 0.7546875 0.5015625 0.021875 0.996875
3 0.65 0.5015625 0.040625 0.996875
3 0.5984375 0.5015625 0.01875 0.996875
3 0.42265625 0.5015625 0.0203125 0.996875
3 0.3796875 0.5015625 0.0375 0.996875
3 0.2484375 0.5015625 0.028125 0.996875
3 0.11875 0.5015625 0.046875 0.996875
3 0.071875 0.5015625 0.025 0.996875