3 0.8953125 0.4984375 0.0375 0.996875
3 0.7921875 0.4984375 0.025 0.996875
3 0.70078125 0.4984375 0.0265625 0.996875
3 0.5859375 0.4984375 0.028125 0.996875
3 0.44765625 0.4984375 0.0265625 0.996875
3 0.30390625 0.4984375 0.0203125 0.996875
3 0.1703125 0.4984375 0.025 0.996875
3 0.0453125 0.4984375 0.0375 0.996875
3 0.98984375 0.3453125 0.0203125 0.690625
3 0.49453125 0.17890625 0.9859375 0.1546875
3 0.496875 0.41953125 0.990625 0.0921875
3 0.5 0.6296875 0.996875 0.034375
3 0.50078125 0.88203125 0.9984375 0.1078125
3 0.7984375 0.03359375 0.403125 0.0671875