3 0.1859375 0.45625 0.30625 0.9125
3 0.22109375 0.46015625 0.2890625 0.9203125
3 0.521875 0.50390625 0.346875 0.9921875
3 0.7328125 0.5296875 0.34375 0.940625
3 0.8421875 0.5453125 0.315625 0.909375
3 0.9640625 0.378125 0.071875 0.5125
3 0.55859375 0.10546875 0.8828125 0.2109375
3 0.55390625 0.1234375 0.8921875 0.246875
3 0.5390625 0.21875 0.921875 0.296875
3 0.525 0.334375 0.95 0.290625
3 0.51796875 0.39140625 0.9640625 0.2890625
3 0.509375 0.4578125 0.978125 0.2796875
3 0.48515625 0.575 0.9703125 0.29375
3 0.46640625 0.7125 0.9328125 0.26875
3 0.46015625 0.76875 0.9203125 0.275
3 0.44921875 0.84765625 0.8984375 0.2609375
3 0.434375 0.93046875 0.86875 0.1390625