3 0.4921875 0.05625 0.984375 0.1125
3 0.49453125 0.165625 0.9890625 0.10625
3 0.49609375 0.27421875 0.9921875 0.1078125
3 0.49765625 0.3703125 0.9953125 0.10625
3 0.5015625 0.5125 0.996875 0.115625
3 0.503125 0.6265625 0.99375 0.115625
3 0.50546875 0.75859375 0.9890625 0.1234375
3 0.51640625 0.8796875 0.9671875 0.128125
3 0.3 0.9765625 0.5625 0.046875
3 0.93125 0.5828125 0.1375 0.803125
3 0.69765625 0.49765625 0.2890625 0.9953125
3 0.39296875 0.5 0.3765625 1
3 0.165625 0.46328125 0.33125 0.9140625
3 0.02421875 0.07421875 0.0484375 0.1171875