3 0.8390625 0.6078125 0.321875 0.784375
3 0.76640625 0.58046875 0.4171875 0.8390625
3 0.7390625 0.5734375 0.425 0.853125
3 0.5890625 0.5390625 0.43125 0.921875
3 0.559375 0.52734375 0.4234375 0.9203125
3 0.4125 0.46171875 0.43125 0.9234375
3 0.296875 0.43515625 0.421875 0.8703125
3 0.234375 0.421875 0.43125 0.84375
3 0.146875 0.3875 0.29375 0.775
3 0.425 0.76875 0.85 0.4625
3 0.4484375 0.6625 0.896875 0.4625
3 0.50625 0.48828125 0.93125 0.45
3 0.56328125 0.30234375 0.8734375 0.4296875
3 0.58203125 0.21640625 0.8359375 0.4328125