3 0.96015625 0.4984375 0.0609375 0.996875
3 0.91640625 0.4984375 0.0546875 0.996875
3 0.7921875 0.4984375 0.05 0.996875
3 0.72890625 0.4984375 0.0578125 0.996875
3 0.6453125 0.4984375 0.053125 0.996875
3 0.51171875 0.4984375 0.0453125 0.996875
3 0.478125 0.4984375 0.040625 0.996875
3 0.3125 0.4984375 0.040625 0.996875
3 0.2765625 0.4984375 0.040625 0.996875
3 0.14140625 0.4984375 0.0328125 0.996875
3 0.50078125 0.20625 0.9984375 0.075
3 0.50078125 0.27890625 0.9984375 0.0515625
3 0.50078125 0.56953125 0.9984375 0.1046875
3 0.50078125 0.6453125 0.9984375 0.14375
3 0.50078125 0.90859375 0.9984375 0.1671875