3 0.45703125 0.5125 0.4078125 0.9703125
3 0.57265625 0.47734375 0.3671875 0.9546875
3 0.67890625 0.4625 0.4078125 0.925
3 0.7703125 0.45078125 0.45625 0.9015625
3 0.81640625 0.43359375 0.3671875 0.8671875
3 0.4609375 0.315625 0.921875 0.396875
3 0.5203125 0.56875 0.94375 0.3796875
3 0.5390625 0.64140625 0.921875 0.3546875
3 0.34765625 0.528125 0.4578125 0.94375
3 0.2625 0.540625 0.484375 0.91875
3 0.2140625 0.55390625 0.428125 0.8921875
3 0.57421875 0.7265625 0.8515625 0.346875
3 0.5765625 0.853125 0.846875 0.29375
3 0.17421875 0.68984375 0.3484375 0.6203125
3 0.49140625 0.50234375 0.3671875 0.959375
3 0.55078125 0.4796875 0.35 0.95
3 0.4203125 0.175 0.840625 0.35
3 0.41796875 0.51953125 0.4140625 0.9609375
3 0.6140625 0.46953125 0.3625 0.9390625
3 0.74140625 0.4546875 0.4390625 0.909375
3 0.78125 0.44765625 0.4375 0.8953125
3 0.80625 0.4390625 0.3875 0.878125
3 0.8640625 0.4546875 0.271875 0.809375
3 0.94375 0.6203125 0.1125 0.45
3 0.296875 0.5359375 0.4625 0.928125
3 0.19609375 0.5640625 0.3921875 0.871875
3 0.5 0.50234375 0.95625 0.3703125
3 0.18203125 0.87890625 0.2171875 0.2421875
3 0.4640625 0.34921875 0.928125 0.3609375
3 0.21484375 0.55859375 0.4296875 0.8828125