3 0.83203125 0.36484375 0.3359375 0.7296875
3 0.80625 0.37890625 0.3875 0.7578125
3 0.7734375 0.3953125 0.453125 0.790625
3 0.709375 0.41796875 0.490625 0.8359375
3 0.68828125 0.42265625 0.4859375 0.8453125
3 0.571875 0.4625 0.5015625 0.8984375
3 0.540625 0.4796875 0.4984375 0.8984375
3 0.41484375 0.54609375 0.5015625 0.8984375
3 0.259375 0.58984375 0.496875 0.8203125
3 0.17421875 0.6328125 0.3484375 0.734375
3 0.6328125 0.77109375 0.734375 0.4578125
3 0.58984375 0.74453125 0.8203125 0.5109375
3 0.5421875 0.62109375 0.915625 0.6171875
3 0.52890625 0.55234375 0.9375 0.5734375
3 0.4421875 0.3703125 0.884375 0.5125
3 0.42421875 0.30546875 0.8484375 0.5078125
3 0.3796875 0.19609375 0.759375 0.3921875
3 0.5296875 0.0265625 0.3875 0.053125