3 0.50078125 0.0875 0.9984375 0.021875
3 0.50078125 0.1984375 0.9984375 0.025
3 0.50078125 0.3078125 0.9984375 0.03125
3 0.50078125 0.42265625 0.9984375 0.0328125
3 0.50078125 0.53046875 0.9984375 0.0390625
3 0.50078125 0.64921875 0.9984375 0.0453125
3 0.50078125 0.7734375 0.9984375 0.053125
3 0.50078125 0.8953125 0.9984375 0.05625
3 0.9078125 0.49921875 0.13125 0.9984375
3 0.67265625 0.49921875 0.1046875 0.9984375
3 0.4546875 0.49921875 0.065625 0.9984375
3 0.22734375 0.49921875 0.0546875 0.9984375