3 0.53515625 0.23671875 0.9296875 0.2671875
3 0.5328125 0.2765625 0.934375 0.2625
3 0.7875 0.534375 0.3125 0.93125
3 0.66640625 0.521875 0.3203125 0.95625
3 0.55 0.11953125 0.9 0.2390625
3 0.38125 0.4828125 0.2875 0.965625
3 0.5109375 0.4546875 0.978125 0.2453125
3 0.5 0.503125 0.98125 0.2609375
3 0.4765625 0.66328125 0.953125 0.2578125
3 0.4609375 0.78828125 0.921875 0.2484375
3 0.45859375 0.81328125 0.9171875 0.2484375
3 0.45 0.8828125 0.9 0.234375
3 0.30859375 0.47734375 0.3640625 0.9546875
3 0.9234375 0.565625 0.153125 0.86875