3 0.578125 0.525 0.36875 0.95
3 0.5234375 0.509375 0.359375 0.9546875
3 0.42265625 0.47578125 0.3546875 0.9515625
3 0.3515625 0.46484375 0.36875 0.9296875
3 0.29453125 0.4546875 0.3703125 0.909375
3 0.43671875 0.5453125 0.3703125 0.1515625
3 0.47734375 0.42578125 0.3578125 0.146875
3 0.51875 0.31171875 0.3671875 0.16875
3 0.5640625 0.20234375 0.36875 0.1828125
3 0.6015625 0.09140625 0.384375 0.1828125
3 0.40078125 0.659375 0.38125 0.175
3 0.35546875 0.78359375 0.3828125 0.1921875
3 0.3125 0.8984375 0.38125 0.203125
3 0.62578125 0.53203125 0.3609375 0.9359375
3 0.25390625 0.44609375 0.3484375 0.8921875