3 0.49921875 0.09453125 0.9984375 0.0546875
3 0.49921875 0.20859375 0.9984375 0.0671875
3 0.49921875 0.34140625 0.9984375 0.0828125
3 0.49921875 0.46015625 0.9984375 0.0921875
3 0.49921875 0.60078125 0.9984375 0.1140625
3 0.49921875 0.7625 0.9984375 0.128125
3 0.49921875 0.903125 0.9984375 0.14375
3 0.08984375 0.584375 0.1796875 0.828125
3 0.01640625 0.9265625 0.0296875 0.14375
3 0.2171875 0.49921875 0.24375 0.9984375
3 0.3609375 0.49921875 0.275 0.9984375
3 0.490625 0.49921875 0.284375 0.9984375
3 0.62734375 0.49921875 0.3390625 0.9984375
3 0.759375 0.49921875 0.35 0.9984375
3 0.84296875 0.41640625 0.3109375 0.8328125
3 0.8984375 0.26875 0.2 0.5375
3 0.95625 0.08984375 0.08125 0.1796875