3 0.3796875 0.1671875 0.759375 0.334375
3 0.38828125 0.18359375 0.7765625 0.3671875
3 0.403125 0.21484375 0.80625 0.4296875
3 0.41640625 0.2625 0.8328125 0.446875
3 0.428125 0.30390625 0.85625 0.4546875
3 0.44921875 0.39296875 0.8984375 0.4515625
3 0.4578125 0.41484375 0.9015625 0.446875
3 0.515625 0.53359375 0.9015625 0.446875
3 0.525 0.55390625 0.9125 0.46875
3 0.57265625 0.71171875 0.8546875 0.4671875
3 0.61484375 0.82421875 0.7703125 0.3515625
3 0.62109375 0.8375 0.7578125 0.325
3 0.21796875 0.59375 0.4359375 0.8125
3 0.2515625 0.58125 0.475 0.8375
3 0.475 0.5109375 0.484375 0.9203125
3 0.4984375 0.5 0.4875 0.921875
3 0.725 0.43203125 0.55 0.8640625
3 0.74765625 0.421875 0.5046875 0.84375
3 0.74375 0.03515625 0.16875 0.0703125