3 0.890625 0.590625 0.21875 0.81875
3 0.875 0.58515625 0.25 0.8296875
3 0.81875 0.56640625 0.35625 0.8671875
3 0.80390625 0.56484375 0.3484375 0.8703125
3 0.71953125 0.5484375 0.3671875 0.903125
3 0.65078125 0.5375 0.3578125 0.925
3 0.63671875 0.5359375 0.3390625 0.928125
3 0.5328125 0.5125 0.3703125 0.959375
3 0.46875 0.48984375 0.3453125 0.9515625
3 0.45390625 0.48515625 0.3421875 0.95
3 0.37578125 0.465625 0.3390625 0.93125
3 0.26953125 0.44921875 0.3578125 0.8984375
3 0.24609375 0.4453125 0.3515625 0.890625
3 0.16171875 0.428125 0.3234375 0.85625
3 0.12421875 0.41484375 0.2484375 0.8296875
3 0.6671875 0.9828125 0.328125 0.034375
3 0.4421875 0.796875 0.884375 0.40625
3 0.475 0.603125 0.95 0.403125
3 0.515625 0.45703125 0.965625 0.3859375
3 0.56171875 0.1921875 0.8765625 0.384375
3 0.578125 0.14609375 0.84375 0.2921875