3 0.49765625 0.22890625 0.9953125 0.0609375
3 0.49921875 0.2703125 0.99375 0.0578125
3 0.79453125 0.496875 0.1078125 0.99375
3 0.671875 0.4984375 0.1171875 0.9953125
3 0.4953125 0.0953125 0.990625 0.059375
3 0.37734375 0.5015625 0.0828125 0.996875
3 0.5 0.453125 0.9984375 0.0390625
3 0.50078125 0.503125 0.9984375 0.0546875
3 0.50234375 0.66640625 0.9953125 0.0515625
3 0.503125 0.79609375 0.99375 0.0421875
3 0.503125 0.82109375 0.99375 0.0421875
3 0.50390625 0.90390625 0.9921875 0.0515625
3 0.30234375 0.50078125 0.1609375 0.9984375
3 0.98125 0.49609375 0.0375 0.9859375