3 0.49609375 0.421875 0.9921875 0.04375
3 0.540625 0.62421875 0.91875 0.0546875
3 0.50703125 0.84921875 0.9859375 0.0703125
3 0.5015625 0.2953125 0.996875 0.040625
3 0.5 0.1828125 1 0.05
3 0.49765625 0.1015625 0.9953125 0.046875
3 0.49921875 0.0234375 0.9984375 0.046875
3 0.0609375 0.15859375 0.11875 0.3171875
3 0.1046875 0.3671875 0.209375 0.734375
3 0.20703125 0.5 0.1984375 1
3 0.375 0.5 0.090625 1
3 0.5296875 0.5 0.06875 1
3 0.684375 0.5 0.171875 1
3 0.8578125 0.5 0.284375 1
3 0.9125 0.225 0.175 0.45
3 0.1203125 0.4640625 0.240625 0.928125