3 0.9421875 0.49921875 0.028125 0.9984375
3 0.896875 0.49921875 0.0125 0.9984375
3 0.834375 0.49921875 0.021875 0.9984375
3 0.765625 0.49921875 0.009375 0.9984375
3 0.71875 0.49921875 0.01875 0.9984375
3 0.61875 0.49921875 0.015625 0.9984375
3 0.5953125 0.49921875 0.009375 0.9984375
3 0.46328125 0.49921875 0.0109375 0.9984375
3 0.440625 0.49921875 0.034375 0.9984375
3 0.265625 0.49921875 0.03125 0.9984375
3 0.0734375 0.49921875 0.0375 0.9984375
3 0.04375 0.49921875 0.034375 0.9984375
3 0.50078125 0.14765625 0.9984375 0.0765625
3 0.50078125 0.22421875 0.9984375 0.0421875
3 0.50078125 0.47265625 0.9984375 0.0515625
3 0.50078125 0.4984375 0.9984375 0.05625
3 0.50078125 0.753125 0.9984375 0.128125
3 0.50078125 0.825 0.9984375 0.171875
3 0.8859375 0.96015625 0.228125 0.0765625