3 0.51171875 0.22890625 0.9765625 0.1296875
3 0.51015625 0.27109375 0.9796875 0.1265625
3 0.20546875 0.4875 0.1765625 0.975
3 0.32890625 0.49296875 0.1859375 0.9859375
3 0.51796875 0.09765625 0.9640625 0.1296875
3 0.621875 0.5046875 0.153125 0.990625
3 0.50234375 0.453125 0.9953125 0.109375
3 0.49921875 0.503125 0.9984375 0.125
3 0.49140625 0.665625 0.9828125 0.121875
3 0.4859375 0.7953125 0.971875 0.1125
3 0.484375 0.8203125 0.96875 0.1125
3 0.48125 0.903125 0.9625 0.121875
3 0.69609375 0.50625 0.2296875 0.9875
3 0.0359375 0.47734375 0.071875 0.9546875