3 0.5640625 0.128125 0.871875 0.25625
3 0.55234375 0.175 0.8953125 0.33125
3 0.54296875 0.23671875 0.9140625 0.3359375
3 0.5359375 0.290625 0.928125 0.325
3 0.52265625 0.38359375 0.9546875 0.3203125
3 0.51953125 0.41328125 0.9609375 0.3078125
3 0.4890625 0.53515625 0.96875 0.30625
3 0.46796875 0.65859375 0.9359375 0.2984375
3 0.4625 0.69609375 0.925 0.2984375
3 0.45 0.784375 0.9 0.296875
3 0.4375 0.86171875 0.875 0.2765625
3 0.43203125 0.8796875 0.8640625 0.240625
3 0.15234375 0.4421875 0.3046875 0.884375
3 0.30234375 0.46796875 0.3640625 0.9359375
3 0.51171875 0.50234375 0.4 0.9953125
3 0.715625 0.53359375 0.375 0.9328125
3 0.77265625 0.540625 0.3890625 0.91875
3 0.865625 0.5625 0.26875 0.875