3 0.82265625 0.43828125 0.3546875 0.8765625
3 0.57890625 0.4796875 0.3828125 0.959375
3 0.4875 0.503125 0.3859375 0.975
3 0.28046875 0.54375 0.3515625 0.9125
3 0.1328125 0.575 0.265625 0.85
3 0.425 0.13359375 0.85 0.2671875
3 0.43046875 0.15234375 0.8609375 0.3046875
3 0.45 0.25625 0.9 0.328125
3 0.46796875 0.35625 0.9359375 0.346875
3 0.4734375 0.40546875 0.946875 0.3265625
3 0.52421875 0.5734375 0.9515625 0.328125
3 0.52890625 0.6140625 0.9421875 0.34375
3 0.55 0.7390625 0.9 0.334375
3 0.56875 0.8421875 0.8625 0.315625
3 0.578125 0.87109375 0.84375 0.2578125