3 0.90625 0.4484375 0.1875 0.896875
3 0.86171875 0.45625 0.2515625 0.9125
3 0.778125 0.46484375 0.246875 0.9296875
3 0.67734375 0.4765625 0.2359375 0.953125
3 0.5765625 0.48515625 0.221875 0.9703125
3 0.44765625 0.509375 0.21875 0.978125
3 0.30625 0.52421875 0.234375 0.9515625
3 0.16640625 0.5390625 0.2359375 0.921875
3 0.06171875 0.5453125 0.1234375 0.871875
3 0.7046875 0.02890625 0.390625 0.0578125
3 0.46875 0.19296875 0.9375 0.3359375
3 0.48671875 0.4046875 0.9734375 0.259375
3 0.51640625 0.63359375 0.9671875 0.2703125
3 0.5359375 0.8375 0.928125 0.325