3 0.56796875 0.11484375 0.8640625 0.2296875
3 0.5640625 0.1265625 0.871875 0.253125
3 0.53515625 0.29453125 0.9296875 0.3234375
3 0.52578125 0.3625 0.9484375 0.325
3 0.48984375 0.53125 0.965625 0.296875
3 0.4734375 0.61796875 0.946875 0.2921875
3 0.4546875 0.7671875 0.909375 0.325
3 0.440625 0.8515625 0.88125 0.296875
3 0.40390625 0.8953125 0.8078125 0.209375
3 0.115625 0.43125 0.23125 0.8625
3 0.1375 0.4375 0.275 0.875
3 0.290625 0.46484375 0.353125 0.9296875
3 0.4078125 0.4796875 0.328125 0.959375
3 0.453125 0.48671875 0.334375 0.9734375
3 0.5796875 0.51640625 0.340625 0.9671875
3 0.7796875 0.546875 0.3125 0.90625
3 0.83203125 0.55390625 0.3234375 0.8921875