3 0.5015625 0.05625 0.996875 0.0375
3 0.50234375 0.18046875 0.9953125 0.0234375
3 0.5 0.290625 1 0.0375
3 0.5 0.38125 1 0.040625
3 0.5046875 0.46953125 0.990625 0.0484375
3 0.5 0.540625 1 0.059375
3 0.5 0.6078125 1 0.075
3 0.5 0.6828125 1 0.08125
3 0.5 0.740625 1 0.090625
3 0.5015625 0.7984375 0.996875 0.1
3 0.50234375 0.84765625 0.9953125 0.0984375
3 0.503125 0.89609375 0.99375 0.1078125
3 0.5 0.93828125 1 0.1140625
3 0.8921875 0.59765625 0.215625 0.7828125
3 0.82890625 0.4984375 0.2390625 0.996875
3 0.7125 0.5 0.1625 1
3 0.6046875 0.5 0.09375 0.99375
3 0.490625 0.50078125 0.03125 0.9953125
3 0.415625 0.5015625 0.075 0.996875
3 0.365625 0.5 0.096875 0.99375
3 0.259375 0.49375 0.14375 0.978125
3 0.14609375 0.4984375 0.2140625 0.996875
3 0.08515625 0.7 0.1671875 0.6
3 0.65078125 0.96328125 0.6984375 0.0734375
3 0.9265625 0.79296875 0.146875 0.4140625
3 0.8453125 0.9828125 0.309375 0.034375
3 0.959375 0.90625 0.08125 0.1875
3 0.034375 0.91171875 0.065625 0.1765625