3 0.95 0.52578125 0.1 0.9484375
3 0.92578125 0.52265625 0.1484375 0.9546875
3 0.86796875 0.5203125 0.1421875 0.959375
3 0.81015625 0.5171875 0.1421875 0.965625
3 0.75078125 0.5140625 0.1359375 0.971875
3 0.69375 0.5109375 0.14375 0.978125
3 0.634375 0.5078125 0.140625 0.984375
3 0.55859375 0.50390625 0.1390625 0.9921875
3 0.496875 0.5 0.1453125 0.9953125
3 0.428125 0.49453125 0.14375 0.9890625
3 0.35078125 0.490625 0.1296875 0.98125
3 0.26640625 0.48671875 0.1390625 0.9734375
3 0.184375 0.48125 0.11875 0.9625
3 0.10546875 0.47734375 0.1234375 0.9546875
3 0.03984375 0.47265625 0.0796875 0.9453125
3 0.5203125 0.11875 0.959375 0.159375
3 0.50859375 0.33125 0.9828125 0.190625
3 0.5 0.59296875 0.9890625 0.2328125
3 0.48515625 0.8359375 0.9703125 0.26875
3 0.8328125 0.9859375 0.234375 0.028125