3 0.49921875 0.0625 0.9984375 0.084375
3 0.49921875 0.16328125 0.9984375 0.0578125
3 0.49921875 0.2265625 0.9984375 0.0625
3 0.49921875 0.28359375 0.9984375 0.0515625
3 0.49921875 0.3796875 0.9984375 0.046875
3 0.49921875 0.4109375 0.9984375 0.034375
3 0.49921875 0.53671875 0.9984375 0.0328125
3 0.49921875 0.66484375 0.9984375 0.0234375
3 0.49921875 0.70390625 0.9984375 0.0234375
3 0.49921875 0.796875 0.9984375 0.021875
3 0.49921875 0.89375 0.9984375 0.034375
3 0.49921875 0.93125 0.9984375 0.034375
3 0.11640625 0.49921875 0.0765625 0.9984375
3 0.29453125 0.49921875 0.0921875 0.9984375
3 0.51171875 0.49921875 0.1296875 0.9984375
3 0.725 0.49921875 0.103125 0.9984375
3 0.784375 0.49921875 0.11875 0.9984375
3 0.94140625 0.49921875 0.1140625 0.9984375