3 0.92109375 0.48203125 0.1578125 0.9640625
3 0.79453125 0.4875 0.1484375 0.975
3 0.66796875 0.49296875 0.1453125 0.9859375
3 0.51640625 0.5 0.15 0.9984375
3 0.3578125 0.50703125 0.153125 0.9859375
3 0.16015625 0.515625 0.1703125 0.96875
3 0.90390625 0.9359375 0.1921875 0.078125
3 0.5140625 0.8734375 0.971875 0.253125
3 0.50859375 0.72421875 0.9828125 0.2234375
3 0.5 0.53203125 1 0.2234375
3 0.49453125 0.384375 0.9890625 0.121875
3 0.4875 0.2296875 0.975 0.11875
3 0.48125 0.0703125 0.9625 0.140625