3 0.61171875 0.165625 0.7765625 0.33125
3 0.58359375 0.2359375 0.8328125 0.434375
3 0.5765625 0.2625 0.846875 0.440625
3 0.540625 0.4109375 0.915625 0.4453125
3 0.5265625 0.440625 0.9125 0.4375
3 0.459375 0.5859375 0.9171875 0.446875
3 0.43046875 0.7015625 0.8609375 0.4375
3 0.4171875 0.76328125 0.834375 0.4484375
3 0.38125 0.84609375 0.7625 0.3078125
3 0.23671875 0.4203125 0.4734375 0.840625
3 0.33984375 0.44453125 0.4765625 0.8890625
3 0.5125 0.5046875 0.465625 0.925
3 0.69609375 0.56640625 0.4453125 0.8671875
3 0.778125 0.58515625 0.44375 0.8296875