3 0.49921875 0.09140625 0.9984375 0.0328125
3 0.49921875 0.17109375 0.9984375 0.0390625
3 0.49921875 0.26796875 0.9984375 0.0265625
3 0.49921875 0.31015625 0.9984375 0.0234375
3 0.49921875 0.45703125 0.9984375 0.0390625
3 0.49921875 0.60546875 0.9984375 0.0390625
3 0.49921875 0.646875 0.9984375 0.053125
3 0.49921875 0.7515625 0.9984375 0.04375
3 0.49921875 0.84140625 0.9984375 0.0640625
3 0.49921875 0.9125 0.9984375 0.059375
3 0.05 0.49921875 0.03125 0.9984375
3 0.18515625 0.49921875 0.0703125 0.9984375
3 0.278125 0.49921875 0.040625 0.9984375
3 0.453125 0.49921875 0.046875 0.9984375
3 0.496875 0.49921875 0.021875 0.9984375
3 0.7296875 0.49921875 0.065625 0.9984375
3 0.95546875 0.49921875 0.0359375 0.9984375
3 0.49921875 0.03203125 0.9984375 0.0484375