3 0.45546875 0.49765625 0.0890625 0.9953125
3 0.5765625 0.5 0.04375 1
3 0.6890625 0.5 0.0875 1
3 0.7859375 0.5 0.1375 1
3 0.90625 0.4984375 0.1875 0.996875
3 0.50625 0.30703125 0.9875 0.0796875
3 0.496875 0.571875 0.975 0.065625
3 0.49375 0.64765625 0.965625 0.0421875
3 0.3390625 0.49921875 0.140625 0.9984375
3 0.2484375 0.5 0.16875 1
3 0.14609375 0.49765625 0.2140625 0.9953125
3 0.5234375 0.7484375 0.946875 0.040625
3 0.5 0.90859375 1 0.0359375
3 0.084375 0.62890625 0.16875 0.7390625
3 0.49140625 0.49921875 0.0453125 0.9984375
3 0.5546875 0.49765625 0.028125 0.9953125
3 0.48671875 0.14453125 0.9734375 0.0515625
3 0.4140625 0.5 0.09375 1
3 0.62109375 0.5 0.0390625 1
3 0.75546875 0.5 0.1203125 1
3 0.81484375 0.5 0.1515625 1
3 0.88203125 0.5 0.1796875 1
3 0.921875 0.5984375 0.153125 0.803125
3 0.94375 0.78125 0.109375 0.4375
3 0.28671875 0.49453125 0.1484375 0.9890625
3 0.11640625 0.490625 0.2171875 0.95625
3 0.49921875 0.50234375 0.9953125 0.0484375
3 0.05390625 0.81875 0.1046875 0.3625
3 0.50859375 0.34375 0.9828125 0.04375
3 0.17109375 0.49453125 0.1828125 0.9609375