3 0.41796875 0.79765625 0.8359375 0.4046875
3 0.47109375 0.578125 0.9421875 0.4625
3 0.50546875 0.4890625 0.9515625 0.465625
3 0.5609375 0.2875 0.878125 0.43125
3 0.6 0.16015625 0.8 0.3203125
3 0.8390625 0.60078125 0.321875 0.7984375
3 0.821875 0.59296875 0.35625 0.8140625
3 0.7328125 0.56875 0.409375 0.8625
3 0.63671875 0.546875 0.4265625 0.90625
3 0.5890625 0.53828125 0.40625 0.9234375
3 0.428125 0.47109375 0.4078125 0.925
3 0.38828125 0.46015625 0.4234375 0.9203125
3 0.2671875 0.43359375 0.415625 0.8671875
3 0.18203125 0.41015625 0.3640625 0.8203125
3 0.15546875 0.39921875 0.3109375 0.7984375