3 0.90234375 0.45078125 0.1953125 0.9015625
3 0.78515625 0.46484375 0.2203125 0.9296875
3 0.75625 0.46796875 0.228125 0.9359375
3 0.5953125 0.4859375 0.234375 0.971875
3 0.56328125 0.4890625 0.2265625 0.978125
3 0.40625 0.5140625 0.234375 0.971875
3 0.2828125 0.528125 0.225 0.94375
3 0.215625 0.534375 0.234375 0.93125
3 0.08359375 0.55234375 0.1671875 0.8953125
3 0.53359375 0.80546875 0.9328125 0.3046875
3 0.52109375 0.67265625 0.9578125 0.2671875
3 0.49765625 0.48671875 0.9859375 0.2546875
3 0.4734375 0.28828125 0.946875 0.2328125
3 0.4640625 0.18203125 0.928125 0.2640625