3 0.84609375 0.5875 0.3078125 0.825
3 0.8046875 0.571875 0.390625 0.85625
3 0.7546875 0.559375 0.415625 0.88125
3 0.70234375 0.55078125 0.4078125 0.8984375
3 0.61171875 0.53359375 0.4015625 0.9328125
3 0.584375 0.5296875 0.390625 0.940625
3 0.46640625 0.48671875 0.390625 0.94375
3 0.34609375 0.4546875 0.3796875 0.909375
3 0.31171875 0.4484375 0.3796875 0.896875
3 0.2234375 0.43125 0.378125 0.8625
3 0.16484375 0.41484375 0.3296875 0.8296875
3 0.146875 0.40859375 0.29375 0.8171875
3 0.57890625 0.178125 0.8421875 0.35625
3 0.5453125 0.3078125 0.909375 0.44375
3 0.49609375 0.51171875 0.978125 0.478125
3 0.45234375 0.71015625 0.9046875 0.4546875
3 0.44296875 0.765625 0.8859375 0.46875
3 0.4140625 0.83984375 0.828125 0.3203125