3 0.40546875 0.13984375 0.8109375 0.2796875
3 0.41953125 0.1765625 0.8390625 0.353125
3 0.434375 0.23515625 0.86875 0.3953125
3 0.453125 0.33046875 0.90625 0.3828125
3 0.4703125 0.42578125 0.9359375 0.371875
3 0.51796875 0.55 0.934375 0.36875
3 0.54921875 0.68359375 0.9015625 0.3828125
3 0.575 0.8125 0.85 0.375
3 0.6 0.8984375 0.8 0.203125
3 0.0296875 0.37890625 0.059375 0.3859375
3 0.22265625 0.5609375 0.4453125 0.878125
3 0.40859375 0.52890625 0.4078125 0.9421875
3 0.6265625 0.4640625 0.415625 0.928125
3 0.79375 0.43125 0.4125 0.8625