3 0.58203125 0.15078125 0.8359375 0.3015625
3 0.56796875 0.190625 0.8640625 0.378125
3 0.55234375 0.28203125 0.8953125 0.3671875
3 0.5453125 0.32109375 0.909375 0.3640625
3 0.5140625 0.459375 0.9515625 0.378125
3 0.46953125 0.5984375 0.9390625 0.378125
3 0.46328125 0.63671875 0.9265625 0.3921875
3 0.44453125 0.73515625 0.8890625 0.3828125
3 0.43125 0.809375 0.8625 0.38125
3 0.41796875 0.84453125 0.8359375 0.3109375
3 0.13125 0.409375 0.2625 0.81875
3 0.20390625 0.4359375 0.4078125 0.871875
3 0.29140625 0.44921875 0.3796875 0.8984375
3 0.45625 0.48359375 0.3859375 0.9546875
3 0.49765625 0.4984375 0.3625 0.9453125
3 0.715625 0.5484375 0.403125 0.903125
3 0.8703125 0.58984375 0.259375 0.8203125
3 0.590625 0.1265625 0.81875 0.253125