3 0.94453125 0.48359375 0.1078125 0.9671875
3 0.81953125 0.4859375 0.0921875 0.971875
3 0.709375 0.4921875 0.10625 0.984375
3 0.61875 0.4953125 0.109375 0.990625
3 0.52890625 0.49453125 0.1171875 0.9890625
3 0.459375 0.50078125 0.13125 0.9984375
3 0.39296875 0.50234375 0.1453125 0.9953125
3 0.31796875 0.50546875 0.1515625 0.9890625
3 0.26015625 0.50703125 0.1609375 0.9859375
3 0.2015625 0.509375 0.16875 0.98125
3 0.15234375 0.5109375 0.1671875 0.978125
3 0.10390625 0.5125 0.1765625 0.975
3 0.0765625 0.51328125 0.153125 0.9734375
3 0.3859375 0.125 0.771875 0.25
3 0.4921875 0.17265625 0.984375 0.3078125
3 0.49453125 0.2875 0.9890625 0.23125
3 0.49609375 0.39609375 0.9921875 0.1609375
3 0.5 0.509375 0.9953125 0.1
3 0.50234375 0.58515625 0.9953125 0.1421875
3 0.50546875 0.6359375 0.9890625 0.165625
3 0.51484375 0.73984375 0.9703125 0.2109375
3 0.5109375 0.85390625 0.978125 0.2828125
3 0.32890625 0.9125 0.6109375 0.175
3 0.04375 0.38203125 0.0875 0.7015625
3 0.19453125 0.09375 0.3890625 0.175
3 0.0109375 0.18828125 0.021875 0.3109375
3 0.07890625 0.0703125 0.1578125 0.09375
3 0.121875 0.9765625 0.18125 0.046875