3 0.49921875 0.09375 0.9984375 0.01875
3 0.49921875 0.11875 0.9984375 0.0125
3 0.49921875 0.2765625 0.9984375 0.0125
3 0.49921875 0.3 0.9984375 0.015625
3 0.49921875 0.4609375 0.9984375 0.025
3 0.49921875 0.478125 0.9984375 0.015625
3 0.49921875 0.6484375 0.9984375 0.03125
3 0.49921875 0.6921875 0.9984375 0.046875
3 0.49921875 0.85 0.9984375 0.053125
3 0.49921875 0.8921875 0.9984375 0.05
3 0.25078125 0.49921875 0.0609375 0.9984375
3 0.5953125 0.49921875 0.1 0.9984375
3 0.8796875 0.49921875 0.146875 0.9984375
3 0.940625 0.4109375 0.115625 0.821875