3 0.55703125 0.13203125 0.8859375 0.2640625
3 0.54453125 0.21640625 0.9109375 0.2828125
3 0.5328125 0.3046875 0.934375 0.284375
3 0.51796875 0.41640625 0.9640625 0.2859375
3 0.48515625 0.55 0.9703125 0.284375
3 0.465625 0.6890625 0.93125 0.278125
3 0.4484375 0.81796875 0.896875 0.2828125
3 0.4328125 0.89609375 0.865625 0.2078125
3 0.4765625 0.04296875 0.671875 0.0859375
3 0.1953125 0.45859375 0.390625 0.9171875
3 0.42109375 0.4859375 0.3453125 0.971875
3 0.625 0.5234375 0.290625 0.953125
3 0.84375 0.55078125 0.3125 0.8984375
3 0.1265625 0.146875 0.16875 0.29375