3 0.940625 0.49921875 0.05 0.9984375
3 0.834375 0.49921875 0.05625 0.9984375
3 0.721875 0.49921875 0.053125 0.9984375
3 0.60546875 0.49921875 0.0609375 0.9984375
3 0.496875 0.49921875 0.0625 0.9984375
3 0.3765625 0.49921875 0.071875 0.9984375
3 0.2375 0.49921875 0.078125 0.9984375
3 0.0546875 0.48984375 0.084375 0.9796875
3 0.50078125 0.15078125 0.9984375 0.1015625
3 0.50078125 0.4 0.9984375 0.184375
3 0.50078125 0.63828125 0.9984375 0.2421875
3 0.5109375 0.8578125 0.978125 0.28125
3 0.90546875 0.96328125 0.1890625 0.0703125