3 0.48125 0.0953125 0.9625 0.10625
3 0.48125 0.1203125 0.9625 0.1
3 0.48828125 0.2765625 0.9765625 0.1
3 0.48984375 0.3 0.9796875 0.103125
3 0.496875 0.4609375 0.99375 0.1125
3 0.49765625 0.478125 0.9953125 0.103125
3 0.50703125 0.646875 0.9859375 0.11875
3 0.5078125 0.690625 0.984375 0.134375
3 0.51484375 0.8484375 0.9703125 0.140625
3 0.5171875 0.890625 0.965625 0.1375
3 0.25078125 0.51015625 0.1484375 0.9796875
3 0.59453125 0.49609375 0.1859375 0.9921875
3 0.87734375 0.48515625 0.2328125 0.9703125
3 0.91875 0.39296875 0.1625 0.7859375