3 0.49921875 0.22890625 0.9984375 0.0421875
3 0.496875 0.2703125 0.99375 0.040625
3 0.2046875 0.49921875 0.090625 0.9984375
3 0.328125 0.50078125 0.1 0.9953125
3 0.5 0.09609375 0.996875 0.0421875
3 0.6234375 0.49921875 0.065625 0.9984375
3 0.49921875 0.453125 0.9984375 0.021875
3 0.49921875 0.503125 0.9984375 0.0375
3 0.49921875 0.6671875 0.9984375 0.034375
3 0.49921875 0.796875 0.9984375 0.025
3 0.49921875 0.821875 0.9984375 0.025
3 0.49921875 0.9046875 0.9984375 0.034375
3 0.696875 0.4984375 0.14375 0.996875
3 0.0140625 0.50546875 0.028125 0.9859375