3 0.5 0.0234375 0.996875 0.046875
3 0.5 0.1078125 0.996875 0.053125
3 0.5 0.178125 0.996875 0.05625
3 0.5 0.2265625 0.996875 0.05
3 0.5 0.340625 0.996875 0.05625
3 0.5 0.378125 0.996875 0.04375
3 0.5 0.50546875 0.996875 0.0609375
3 0.5 0.6484375 0.996875 0.053125
3 0.5 0.68359375 0.996875 0.0578125
3 0.5 0.78203125 0.996875 0.0546875
3 0.5 0.86875 0.996875 0.05625
3 0.5 0.9296875 0.996875 0.053125
3 0.17109375 0.49921875 0.1078125 0.9984375
3 0.38984375 0.49921875 0.1046875 0.9984375
3 0.5015625 0.49921875 0.13125 0.9984375
3 0.63125 0.49921875 0.11875 0.9984375
3 0.7953125 0.49921875 0.146875 0.9984375
3 0.88125 0.509375 0.14375 0.978125