3 0.45703125 0.13125 0.9140625 0.2625
3 0.46015625 0.165625 0.9203125 0.2625
3 0.48046875 0.36328125 0.9609375 0.2421875
3 0.50703125 0.5421875 0.9859375 0.2546875
3 0.5109375 0.57734375 0.978125 0.2515625
3 0.52578125 0.71953125 0.9484375 0.2546875
3 0.59296875 0.79921875 0.8140625 0.2046875
3 0.6171875 0.8953125 0.765625 0.209375
3 0.2515625 0.52734375 0.31875 0.9453125
3 0.42890625 0.5078125 0.3046875 0.984375
3 0.65625 0.4828125 0.315625 0.965625
3 0.7578125 0.47265625 0.328125 0.9453125
3 0.0828125 0.496875 0.165625 0.803125
3 0.478125 0.34375 0.95625 0.253125