3 0.48359375 0.13125 0.7421875 0.2625
3 0.4984375 0.10546875 0.753125 0.2109375
3 0.46328125 0.16875 0.740625 0.29375
3 0.44609375 0.23125 0.7453125 0.296875
3 0.425 0.31015625 0.740625 0.2875
3 0.40234375 0.38125 0.7359375 0.265625
3 0.37421875 0.4859375 0.7328125 0.2546875
3 0.35859375 0.5703125 0.7171875 0.253125
3 0.34296875 0.6671875 0.6859375 0.240625
3 0.325 0.7734375 0.65 0.234375
3 0.3109375 0.88359375 0.621875 0.2328125
3 0.12890625 0.375 0.2578125 0.75
3 0.1578125 0.44375 0.315625 0.8875
3 0.20859375 0.453125 0.3296875 0.90625
3 0.284375 0.4609375 0.303125 0.921875
3 0.3734375 0.47734375 0.3375 0.9546875
3 0.459375 0.4921875 0.384375 0.984375
3 0.5390625 0.50390625 0.434375 0.9921875
3 0.621875 0.5109375 0.496875 0.978125
3 0.67578125 0.47734375 0.403125 0.86875
3 0.74296875 0.33671875 0.2703125 0.5640625
3 0.6203125 0.0796875 0.5125 0.159375