3 0.9578125 0.50390625 0.084375 0.9921875
3 0.93671875 0.50390625 0.0921875 0.9921875
3 0.71171875 0.50234375 0.0671875 0.9953125
3 0.64296875 0.5015625 0.0671875 0.996875
3 0.46875 0.5 0.0390625 0.9984375
3 0.378125 0.4984375 0.034375 0.996875
3 0.22109375 0.49765625 0.0671875 0.9953125
3 0.11953125 0.496875 0.0703125 0.99375
3 0.03125 0.5171875 0.0625 0.95
3 0.49609375 0.946875 0.9921875 0.06875
3 0.496875 0.9078125 0.99375 0.078125
3 0.4984375 0.71640625 0.996875 0.0984375
3 0.49921875 0.5953125 0.9984375 0.071875
3 0.5 0.54921875 1 0.078125
3 0.50078125 0.41640625 0.9984375 0.0859375
3 0.503125 0.2078125 0.99375 0.05625
3 0.50390625 0.15390625 0.9921875 0.0671875