3 0.9640625 0.4953125 0.071875 0.990625
3 0.86953125 0.49609375 0.0953125 0.9921875
3 0.73671875 0.49765625 0.0953125 0.9953125
3 0.63828125 0.4984375 0.0921875 0.996875
3 0.50546875 0.49921875 0.0953125 0.9984375
3 0.3609375 0.50078125 0.084375 0.9984375
3 0.19296875 0.50234375 0.0828125 0.9953125
3 0.03125 0.50390625 0.0625 0.9921875
3 0.50390625 0.0578125 0.9765625 0.115625
3 0.4984375 0.33828125 0.996875 0.1328125
3 0.5015625 0.62109375 0.996875 0.0765625
3 0.50390625 0.89921875 0.9921875 0.1546875