3 0.93125 0.49921875 0.0375 0.9984375
3 0.84375 0.50078125 0.0375 0.9953125
3 0.746875 0.5125 0.04375 0.971875
3 0.65 0.4890625 0.046875 0.978125
3 0.5515625 0.49921875 0.053125 0.9984375
3 0.4625 0.49921875 0.053125 0.9984375
3 0.3625 0.49921875 0.059375 0.9984375
3 0.2609375 0.49921875 0.059375 0.9984375
3 0.1515625 0.49921875 0.0625 0.9984375
3 0.0390625 0.49921875 0.065625 0.9984375
3 0.50078125 0.44921875 0.9984375 0.2328125
3 0.50078125 0.24765625 0.9984375 0.2078125
3 0.50078125 0.65234375 0.9984375 0.2515625
3 0.50078125 0.83984375 0.9984375 0.2734375
3 0.7921875 0.9421875 0.415625 0.1125
3 0.45234375 0.06875 0.9015625 0.134375