3 0.4828125 0.5421875 0.940625 0.503125
3 0.53203125 0.43046875 0.925 0.4625
3 0.553125 0.32890625 0.89375 0.5015625
3 0.56953125 0.25703125 0.8609375 0.5140625
3 0.590625 0.2140625 0.81875 0.428125
3 0.67734375 0.55703125 0.4890625 0.8859375
3 0.4328125 0.47421875 0.471875 0.9109375
3 0.36328125 0.44609375 0.4484375 0.8921875
3 0.45703125 0.64609375 0.9140625 0.5484375
3 0.44140625 0.7203125 0.8828125 0.559375
3 0.42421875 0.75703125 0.8484375 0.4859375
3 0.284375 0.40546875 0.4375 0.8109375
3 0.178125 0.39375 0.35625 0.7875
3 0.2890625 0.79453125 0.578125 0.4109375
3 0.496875 0.5078125 0.9234375 0.4625
3 0.525 0.4515625 0.9140625 0.446875
3 0.79375 0.6046875 0.4125 0.790625
3 0.46796875 0.57734375 0.9359375 0.5078125
3 0.54453125 0.390625 0.9109375 0.459375
3 0.56484375 0.26953125 0.8703125 0.5296875
3 0.5734375 0.24765625 0.853125 0.4953125
3 0.584375 0.22421875 0.83125 0.4484375
3 0.58828125 0.15703125 0.7921875 0.3140625
3 0.43359375 0.0609375 0.4421875 0.121875
3 0.446875 0.69609375 0.89375 0.5546875
3 0.4125 0.775 0.825 0.45
3 0.49765625 0.5015625 0.465625 0.9234375
3 0.1046875 0.76953125 0.209375 0.2484375
3 0.64453125 0.55234375 0.4546875 0.8953125
3 0.41953125 0.75703125 0.8390625 0.4859375