3 0.90703125 0.5015625 0.0546875 0.996875
3 0.79140625 0.5015625 0.0671875 0.996875
3 0.66015625 0.5015625 0.0828125 0.996875
3 0.540625 0.5015625 0.090625 0.996875
3 0.4 0.5015625 0.1125 0.996875
3 0.2390625 0.5015625 0.128125 0.996875
3 0.096875 0.5015625 0.14375 0.996875
3 0.415625 0.91015625 0.828125 0.1796875
3 0.0734375 0.984375 0.14375 0.03125
3 0.50078125 0.7828125 0.9984375 0.24375
3 0.50078125 0.6390625 0.9984375 0.275
3 0.50078125 0.509375 0.9984375 0.284375
3 0.50078125 0.37265625 0.9984375 0.3390625
3 0.50078125 0.240625 0.9984375 0.35
3 0.584375 0.1578125 0.83125 0.309375
3 0.73125 0.1015625 0.5375 0.2
3 0.91015625 0.04375 0.1796875 0.08125