3 0.54453125 0.0828125 0.6609375 0.165625
3 0.65859375 0.53828125 0.5296875 0.9234375
3 0.53984375 0.5203125 0.453125 0.9421875
3 0.28125 0.46953125 0.4453125 0.85625
3 0.33671875 0.60234375 0.6734375 0.3296875
3 0.22109375 0.38203125 0.4421875 0.7640625
3 0.18515625 0.4109375 0.3703125 0.821875
3 0.27421875 0.86640625 0.5484375 0.2671875
3 0.2984375 0.79296875 0.596875 0.3296875
3 0.4234375 0.36015625 0.7046875 0.328125
3 0.34609375 0.43671875 0.4484375 0.8734375
3 0.4671875 0.1578125 0.5953125 0.284375
3 0.49765625 0.1234375 0.6390625 0.246875
3 0.37578125 0.471875 0.70625 0.3296875
3 0.48671875 0.49453125 0.41875 0.9328125
3 0.59765625 0.53046875 0.4828125 0.9390625
3 0.23671875 0.4328125 0.4734375 0.865625
3 0.48828125 0.221875 0.69375 0.3203125
3 0.19765625 0.08515625 0.1828125 0.1703125
3 0.171875 0.31171875 0.34375 0.6234375