3 0.90625 0.50078125 0.01875 0.9984375
3 0.8828125 0.50078125 0.0125 0.9984375
3 0.7234375 0.50078125 0.0125 0.9984375
3 0.7 0.50078125 0.015625 0.9984375
3 0.5390625 0.50078125 0.025 0.9984375
3 0.5234375 0.50078125 0.015625 0.9984375
3 0.3515625 0.50078125 0.03125 0.9984375
3 0.309375 0.50078125 0.046875 0.9984375
3 0.15 0.50078125 0.053125 0.9984375
3 0.1078125 0.50078125 0.05 0.9984375
3 0.50078125 0.74921875 0.9984375 0.0609375
3 0.50078125 0.4046875 0.9984375 0.1
3 0.50078125 0.1203125 0.9984375 0.146875
3 0.5890625 0.059375 0.821875 0.115625