3 0.48828125 0.06328125 0.9765625 0.1015625
3 0.48984375 0.14453125 0.9796875 0.0921875
3 0.4921875 0.21640625 0.984375 0.0953125
3 0.49296875 0.27265625 0.9859375 0.0890625
3 0.49453125 0.3265625 0.9890625 0.084375
3 0.49609375 0.39296875 0.9921875 0.0828125
3 0.4984375 0.46328125 0.996875 0.0921875
3 0.50078125 0.54609375 0.9984375 0.0890625
3 0.503125 0.63671875 0.99375 0.0796875
3 0.50625 0.74296875 0.9875 0.0734375
3 0.50859375 0.83671875 0.9828125 0.0765625
3 0.51015625 0.88984375 0.9796875 0.0734375
3 0.51171875 0.96796875 0.9734375 0.0640625
3 0.08125 0.51015625 0.103125 0.9796875
3 0.40859375 0.5015625 0.1109375 0.996875
3 0.659375 0.4953125 0.146875 0.990625
3 0.9359375 0.48828125 0.128125 0.9765625