3 0.984375 0.50078125 0.028125 0.9984375
3 0.95625 0.50078125 0.0375 0.9984375
3 0.83828125 0.50078125 0.0328125 0.9984375
3 0.821875 0.50078125 0.025 0.9984375
3 0.7328125 0.50078125 0.04375 0.9984375
3 0.659375 0.50078125 0.034375 0.9984375
3 0.64375 0.4953125 0.01875 0.9875
3 0.53515625 0.50078125 0.0484375 0.9984375
3 0.4671875 0.50078125 0.021875 0.9984375
3 0.4515625 0.50078125 0.01875 0.9984375
3 0.36875 0.50078125 0.015625 0.9984375
3 0.25625 0.50078125 0.034375 0.9984375
3 0.2328125 0.50078125 0.028125 0.9984375
3 0.12734375 0.50078125 0.0296875 0.9984375
3 0.04609375 0.50078125 0.0328125 0.9984375
3 0.83828125 0.96640625 0.3234375 0.0671875
3 0.50078125 0.85703125 0.9984375 0.1703125
3 0.50078125 0.60859375 0.9984375 0.0828125
3 0.50078125 0.45390625 0.9984375 0.0640625
3 0.50078125 0.1640625 0.9984375 0.084375
3 0.50078125 0.05859375 0.9984375 0.1015625