3 0.50390625 0.13984375 0.7359375 0.2796875
3 0.521875 0.11484375 0.746875 0.2296875
3 0.48046875 0.1671875 0.7328125 0.3296875
3 0.46015625 0.22890625 0.7375 0.3328125
3 0.43515625 0.30703125 0.7328125 0.3234375
3 0.40859375 0.37578125 0.7265625 0.3015625
3 0.375 0.47890625 0.7234375 0.2921875
3 0.35390625 0.56171875 0.7078125 0.2890625
3 0.3359375 0.6578125 0.671875 0.278125
3 0.315625 0.76328125 0.63125 0.2703125
3 0.2984375 0.86796875 0.596875 0.2640625
3 0.14453125 0.36171875 0.2890625 0.7234375
3 0.17265625 0.43203125 0.3453125 0.8640625
3 0.2125 0.4421875 0.378125 0.884375
3 0.28828125 0.45234375 0.3515625 0.9046875
3 0.37421875 0.47109375 0.3859375 0.9421875
3 0.459375 0.48828125 0.43125 0.9765625
3 0.53828125 0.50625 0.4828125 0.9875
3 0.61953125 0.515625 0.5421875 0.96875
3 0.6765625 0.48671875 0.44375 0.8640625
3 0.75078125 0.34921875 0.296875 0.5609375
3 0.64296875 0.0890625 0.5078125 0.178125