3 0.45625 0.4921875 0.29375 0.984375
3 0.575 0.5109375 0.25 0.978125
3 0.684375 0.5203125 0.29375 0.959375
3 0.77890625 0.528125 0.3421875 0.94375
3 0.85078125 0.5375 0.2984375 0.925
3 0.52734375 0.31171875 0.9453125 0.2828125
3 0.4828125 0.56953125 0.965625 0.2671875
3 0.46953125 0.64296875 0.9390625 0.2421875
3 0.34296875 0.484375 0.3453125 0.96875
3 0.25390625 0.4765625 0.3734375 0.953125
3 0.18125 0.46640625 0.3625 0.9328125
3 0.47109375 0.74765625 0.934375 0.2359375
3 0.45390625 0.8890625 0.9078125 0.221875
3 0.1125 0.53984375 0.225 0.7578125
3 0.49140625 0.49765625 0.2515625 0.9859375
3 0.55390625 0.509375 0.234375 0.9796875
3 0.53984375 0.1484375 0.9203125 0.253125
3 0.415625 0.48984375 0.3 0.9796875
3 0.61875 0.515625 0.246875 0.96875
3 0.75 0.52578125 0.325 0.9484375
3 0.8078125 0.53046875 0.35625 0.9390625
3 0.840625 0.5359375 0.31875 0.928125
3 0.86640625 0.6375 0.2671875 0.725
3 0.87578125 0.82109375 0.1984375 0.3578125
3 0.29140625 0.47421875 0.3515625 0.9484375
3 0.165625 0.45078125 0.33125 0.9015625
3 0.4984375 0.50234375 0.984375 0.2546875
3 0.04296875 0.71796875 0.0859375 0.3765625
3 0.52734375 0.3484375 0.9453125 0.246875
3 0.184375 0.4578125 0.36875 0.915625