3 0.16171875 0.615625 0.1546875 0.76875
3 0.36328125 0.2109375 0.7265625 0.165625
3 0.36796875 0.31796875 0.7359375 0.1484375
3 0.37109375 0.396875 0.7421875 0.140625
3 0.375 0.48515625 0.75 0.1296875
3 0.38359375 0.60234375 0.7515625 0.121875
3 0.39453125 0.72734375 0.7515625 0.11875
3 0.40546875 0.8546875 0.7515625 0.109375
3 0.4140625 0.94609375 0.75 0.1078125
3 0.5515625 0.56015625 0.1125 0.871875
3 0.728125 0.53671875 0.103125 0.8859375
3 0.3703125 0.5828125 0.1125 0.834375
3 0.21640625 0.6421875 0.1046875 0.715625
3 0.05546875 0.61953125 0.1109375 0.7609375