3 0.88671875 0.4296875 0.2140625 0.7484375
3 0.91640625 0.4359375 0.1671875 0.759375
3 0.82421875 0.41796875 0.196875 0.75
3 0.75859375 0.409375 0.196875 0.7546875
3 0.678125 0.39921875 0.190625 0.75
3 0.60390625 0.38671875 0.165625 0.7484375
3 0.4984375 0.3734375 0.1546875 0.746875
3 0.409375 0.36796875 0.15 0.7359375
3 0.309375 0.359375 0.140625 0.71875
3 0.1984375 0.34921875 0.134375 0.6984375
3 0.0765625 0.34375 0.153125 0.6875
3 0.5921875 0.0890625 0.815625 0.178125
3 0.52578125 0.11875 0.9484375 0.2375
3 0.52109375 0.20078125 0.9578125 0.1984375
3 0.5171875 0.27890625 0.965625 0.1671875
3 0.50859375 0.37109375 0.98125 0.20625
3 0.5015625 0.4578125 0.996875 0.25
3 0.5 0.5390625 1 0.303125
3 0.49609375 0.62578125 0.9921875 0.3671875
3 0.546875 0.67109375 0.86875 0.2921875
3 0.69609375 0.71796875 0.5640625 0.1984375
3 0.94296875 0.55625 0.1140625 0.515625