3 0.49921875 0.0171875 0.9984375 0.028125
3 0.49921875 0.0453125 0.9984375 0.0375
3 0.49921875 0.16171875 0.9984375 0.0328125
3 0.49921875 0.1796875 0.9984375 0.025
3 0.49921875 0.2671875 0.9984375 0.04375
3 0.49921875 0.3421875 0.9984375 0.034375
3 0.5046875 0.3578125 0.9875 0.01875
3 0.49921875 0.46640625 0.9984375 0.0484375
3 0.49921875 0.534375 0.9984375 0.021875
3 0.49921875 0.55 0.9984375 0.01875
3 0.49921875 0.6328125 0.9984375 0.015625
3 0.49921875 0.7453125 0.9984375 0.034375
3 0.49921875 0.7671875 0.9984375 0.028125
3 0.49921875 0.87265625 0.9984375 0.0296875
3 0.49921875 0.95546875 0.9984375 0.0328125
3 0.034375 0.16171875 0.065625 0.3234375
3 0.14296875 0.49921875 0.1703125 0.9984375
3 0.39140625 0.49921875 0.0828125 0.9984375
3 0.54609375 0.49921875 0.0640625 0.9984375
3 0.8359375 0.49921875 0.084375 0.9984375
3 0.94140625 0.49921875 0.1015625 0.9984375