3 0.84921875 0.3953125 0.3015625 0.790625
3 0.83203125 0.403125 0.3359375 0.80625
3 0.80078125 0.41640625 0.3984375 0.8328125
3 0.74453125 0.428125 0.3984375 0.85625
3 0.70078125 0.43828125 0.4078125 0.8765625
3 0.60859375 0.4578125 0.4046875 0.915625
3 0.5875 0.46171875 0.3984375 0.9234375
3 0.465625 0.51328125 0.4 0.9234375
3 0.4453125 0.52265625 0.421875 0.9328125
3 0.2828125 0.5625 0.41875 0.875
3 0.159375 0.59921875 0.31875 0.8015625
3 0.1453125 0.60546875 0.290625 0.7890625
3 0.41875 0.20234375 0.8375 0.4046875
3 0.43046875 0.24609375 0.8609375 0.4296875
3 0.48984375 0.47421875 0.9390625 0.4375
3 0.5 0.4984375 0.940625 0.4421875
3 0.5578125 0.73203125 0.884375 0.5078125
3 0.5671875 0.7625 0.865625 0.475
3 0.95703125 0.771875 0.0859375 0.159375