3 0.9296875 0.50078125 0.021875 0.9984375
3 0.7921875 0.50078125 0.0125 0.9984375
3 0.76171875 0.50078125 0.0203125 0.9984375
3 0.5984375 0.50078125 0.028125 0.9984375
3 0.565625 0.50078125 0.01875 0.9984375
3 0.4046875 0.50078125 0.028125 0.9984375
3 0.27890625 0.50078125 0.0171875 0.9984375
3 0.209375 0.50078125 0.028125 0.9984375
3 0.040625 0.50078125 0.025 0.9984375
3 0.50078125 0.8125 0.9984375 0.1
3 0.50078125 0.67734375 0.9984375 0.0609375
3 0.50078125 0.48671875 0.9984375 0.0484375
3 0.50078125 0.28359375 0.9984375 0.0265625
3 0.50078125 0.17578125 0.9984375 0.0578125