3 0.49453125 0.415625 0.9890625 0.16875
3 0.4984375 0.475 0.99375 0.159375
3 0.50546875 0.5796875 0.9890625 0.153125
3 0.5109375 0.6546875 0.978125 0.16875
3 0.51328125 0.7171875 0.9734375 0.16875
3 0.56796875 0.5375 0.0765625 0.38125
3 0.44375 0.55390625 0.0734375 0.36875
3 0.32265625 0.565625 0.0953125 0.375
3 0.2046875 0.5734375 0.1109375 0.371875
3 0.08125 0.5921875 0.1265625 0.3859375
3 0.68671875 0.51953125 0.1 0.3875
3 0.81875 0.50546875 0.1171875 0.3859375
3 0.93671875 0.49140625 0.1265625 0.3796875
3 0.49140625 0.36875 0.9828125 0.159375
3 0.5171875 0.75859375 0.965625 0.1453125