3 0.91171875 0.5453125 0.1765625 0.909375
3 0.815625 0.53359375 0.2125 0.9328125
3 0.70546875 0.52265625 0.2265625 0.9546875
3 0.61640625 0.5140625 0.2296875 0.971875
3 0.53046875 0.5015625 0.2359375 0.98125
3 0.4609375 0.49453125 0.25 0.9890625
3 0.39453125 0.48828125 0.2640625 0.9765625
3 0.31953125 0.48125 0.2703125 0.9625
3 0.26328125 0.4765625 0.2796875 0.953125
3 0.20703125 0.46953125 0.2890625 0.9390625
3 0.15859375 0.4640625 0.2859375 0.928125
3 0.1296875 0.459375 0.259375 0.91875
3 0.11015625 0.45859375 0.2203125 0.9171875
3 0.478125 0.13828125 0.809375 0.2765625
3 0.52578125 0.1953125 0.9484375 0.390625
3 0.5171875 0.290625 0.965625 0.35
3 0.5109375 0.39765625 0.978125 0.2796875
3 0.49765625 0.509375 0.9828125 0.2203125
3 0.48984375 0.5828125 0.9796875 0.2625
3 0.48515625 0.6328125 0.9703125 0.284375
3 0.4765625 0.7375 0.953125 0.328125
3 0.47109375 0.82421875 0.9421875 0.3515625
3 0.2671875 0.865625 0.534375 0.26875
3 0.08828125 0.30625 0.1765625 0.6125
3 0.29375 0.06796875 0.434375 0.1359375
3 0.09140625 0.11171875 0.0921875 0.2234375
3 0.1890625 0.01484375 0.2 0.0296875
3 0.05 0.87734375 0.1 0.0984375