3 0.890625 0.5640625 0.21875 0.871875
3 0.878125 0.5609375 0.24375 0.878125
3 0.7046875 0.5328125 0.30625 0.934375
3 0.6375 0.52421875 0.30625 0.9515625
3 0.46953125 0.49296875 0.2796875 0.9703125
3 0.3828125 0.4765625 0.275 0.953125
3 0.23125 0.45859375 0.30625 0.9171875
3 0.14375 0.4453125 0.2875 0.890625
3 0.09296875 0.43359375 0.1859375 0.8671875
3 0.43671875 0.8890625 0.8734375 0.221875
3 0.4421875 0.86796875 0.884375 0.2640625
3 0.46875 0.709375 0.9375 0.3375
3 0.48203125 0.59296875 0.9640625 0.3109375
3 0.4890625 0.54765625 0.978125 0.3171875
3 0.51484375 0.4203125 0.9703125 0.325
3 0.54453125 0.21875 0.9109375 0.296875
3 0.55 0.165625 0.9 0.30625