3 0.89375 0.4921875 0.08125 0.984375
3 0.915625 0.4921875 0.075 0.984375
3 0.7546875 0.4953125 0.08125 0.990625
3 0.6515625 0.49609375 0.071875 0.9921875
3 0.584375 0.49765625 0.0625 0.9953125
3 0.45 0.5015625 0.0625 0.996875
3 0.296875 0.50390625 0.053125 0.9921875
3 0.2078125 0.50546875 0.0625 0.9890625
3 0.1265625 0.50703125 0.06875 0.9859375
3 0.496875 0.12109375 0.98125 0.1015625
3 0.49609375 0.25 0.9921875 0.1125
3 0.4984375 0.4109375 0.996875 0.08125
3 0.5015625 0.571875 0.996875 0.1
3 0.503125 0.6578125 0.99375 0.071875
3 0.5078125 0.9171875 0.984375 0.103125