3 0.890625 0.57734375 0.21875 0.8453125
3 0.82890625 0.55859375 0.3421875 0.8828125
3 0.73984375 0.54453125 0.3515625 0.9109375
3 0.63984375 0.53046875 0.3296875 0.9390625
3 0.53515625 0.5125 0.321875 0.9625
3 0.4171875 0.49296875 0.315625 0.9328125
3 0.29765625 0.4625 0.3328125 0.925
3 0.18359375 0.44453125 0.3328125 0.8890625
3 0.103125 0.42265625 0.20625 0.8453125
3 0.44375 0.82421875 0.8875 0.3515625
3 0.4734375 0.64375 0.946875 0.375
3 0.5171875 0.42890625 0.965625 0.3546875
3 0.5484375 0.240625 0.903125 0.325
3 0.57578125 0.11171875 0.8484375 0.2234375
3 0.19140625 0.0265625 0.1296875 0.053125