3 0.49921875 0.04921875 0.9984375 0.0140625
3 0.49921875 0.15234375 0.9984375 0.0109375
3 0.49921875 0.2921875 0.9984375 0.040625
3 0.49921875 0.39375 0.9984375 0.01875
3 0.49921875 0.52734375 0.9984375 0.0203125
3 0.49921875 0.6625 0.9984375 0.028125
3 0.49921875 0.821875 0.9984375 0.01875
3 0.49921875 0.9734375 0.9984375 0.021875
3 0.0984375 0.49921875 0.165625 0.9984375
3 0.35546875 0.49921875 0.0984375 0.9984375
3 0.61953125 0.49609375 0.0359375 0.9921875
3 0.85859375 0.49921875 0.1046875 0.9984375