3 0.61484375 0.1625 0.7703125 0.325
3 0.590625 0.21640625 0.81875 0.4328125
3 0.56328125 0.309375 0.8734375 0.45625
3 0.54375 0.3921875 0.9125 0.459375
3 0.5171875 0.47421875 0.91875 0.4625
3 0.4828125 0.53671875 0.93125 0.4765625
3 0.46171875 0.596875 0.9234375 0.490625
3 0.44609375 0.665625 0.8921875 0.496875
3 0.43515625 0.71796875 0.8703125 0.5046875
3 0.4234375 0.75703125 0.846875 0.4859375
3 0.41328125 0.78046875 0.8265625 0.4390625
3 0.40390625 0.80078125 0.8078125 0.3984375
3 0.39609375 0.81640625 0.7921875 0.3671875
3 0.775 0.6765625 0.45 0.646875
3 0.73984375 0.5671875 0.5203125 0.865625
3 0.69296875 0.55078125 0.5703125 0.8984375
3 0.59453125 0.53671875 0.5046875 0.9265625
3 0.49140625 0.496875 0.4484375 0.915625
3 0.42265625 0.46640625 0.4890625 0.9328125
3 0.37734375 0.45703125 0.5078125 0.9140625
3 0.284375 0.4328125 0.54375 0.865625
3 0.24375 0.42265625 0.4875 0.8453125
3 0.12109375 0.50546875 0.2421875 0.6140625
3 0.43984375 0.90078125 0.6640625 0.1984375
3 0.76171875 0.86328125 0.3078125 0.2734375