3 0.43671875 0.115625 0.8734375 0.23125
3 0.44921875 0.16875 0.8984375 0.29375
3 0.46171875 0.25859375 0.9234375 0.2953125
3 0.4640625 0.3578125 0.928125 0.296875
3 0.4875 0.45 0.975 0.309375
3 0.50859375 0.53671875 0.978125 0.309375
3 0.52265625 0.63359375 0.9546875 0.3140625
3 0.5359375 0.7328125 0.928125 0.315625
3 0.54921875 0.8375 0.9015625 0.31875
3 0.5640625 0.8921875 0.871875 0.215625
3 0.45078125 0.5 0.4828125 1
3 0.25625 0.52734375 0.459375 0.9453125
3 0.64609375 0.4875 0.5015625 0.975
3 0.78359375 0.4640625 0.4328125 0.928125
3 0.8515625 0.159375 0.215625 0.31875
3 0.13828125 0.603125 0.2765625 0.79375