3 0.8125 0.3984375 0.375 0.796875
3 0.82421875 0.39296875 0.3515625 0.7859375
3 0.73046875 0.42734375 0.4640625 0.8546875
3 0.63828125 0.4484375 0.4546875 0.896875
3 0.57734375 0.465625 0.446875 0.915625
3 0.45546875 0.52265625 0.446875 0.915625
3 0.31640625 0.565625 0.4390625 0.86875
3 0.2359375 0.58359375 0.446875 0.8328125
3 0.19453125 0.6 0.3890625 0.8
3 0.60625 0.8015625 0.7875 0.396875
3 0.56875 0.72578125 0.8625 0.4921875
3 0.5375 0.58046875 0.925 0.4640625
3 0.4703125 0.434375 0.9328125 0.48125
3 0.446875 0.35625 0.89375 0.45625
3 0.3953125 0.18203125 0.790625 0.3640625