3 0.88828125 0.46796875 0.2015625 0.9359375
3 0.90625 0.465625 0.1875 0.93125
3 0.75078125 0.47890625 0.2015625 0.9578125
3 0.65 0.48671875 0.19375 0.9734375
3 0.5828125 0.49140625 0.184375 0.9828125
3 0.45 0.50703125 0.184375 0.9859375
3 0.3 0.51953125 0.175 0.9609375
3 0.2109375 0.52578125 0.184375 0.9484375
3 0.13125 0.53203125 0.190625 0.9359375
3 0.53984375 0.87421875 0.9203125 0.2203125
3 0.5203125 0.74609375 0.959375 0.2328125
3 0.50859375 0.5875 0.9828125 0.203125
3 0.49375 0.42890625 0.9875 0.2203125
3 0.4859375 0.34375 0.971875 0.19375
3 0.46640625 0.09921875 0.9328125 0.1984375