3 0.596875 0.14921875 0.80625 0.2984375
3 0.57109375 0.2296875 0.8578125 0.3875
3 0.565625 0.25703125 0.86875 0.3921875
3 0.53359375 0.40859375 0.9328125 0.3984375
3 0.5234375 0.43984375 0.9328125 0.390625
3 0.465625 0.5875 0.93125 0.4
3 0.440625 0.70625 0.88125 0.390625
3 0.42890625 0.76953125 0.8578125 0.4015625
3 0.396875 0.86328125 0.79375 0.2734375
3 0.221875 0.43125 0.44375 0.8625
3 0.3359375 0.453125 0.43125 0.90625
3 0.5125 0.50390625 0.41875 0.94375
3 0.70078125 0.55625 0.3984375 0.8875
3 0.79296875 0.5734375 0.4140625 0.853125