3 0.55078125 0.09296875 0.8984375 0.1859375
3 0.54296875 0.13671875 0.9140625 0.2515625
3 0.534375 0.221875 0.93125 0.246875
3 0.52421875 0.32265625 0.9515625 0.2359375
3 0.5140625 0.421875 0.971875 0.221875
3 0.490625 0.55234375 0.978125 0.21875
3 0.47578125 0.6921875 0.9515625 0.234375
3 0.4609375 0.83203125 0.921875 0.2359375
3 0.45625 0.93828125 0.871875 0.1234375
3 0.9703125 0.2953125 0.059375 0.390625
3 0.80703125 0.53125 0.3359375 0.9375
3 0.59375 0.5125 0.259375 0.975
3 0.3671875 0.4828125 0.26875 0.965625
3 0.16171875 0.4640625 0.3234375 0.928125