3 0.37890625 0.146875 0.7578125 0.29375
3 0.40078125 0.1921875 0.8015625 0.384375
3 0.42578125 0.26953125 0.8515625 0.4453125
3 0.45390625 0.39140625 0.9078125 0.4421875
3 0.50703125 0.5125 0.915625 0.4453125
3 0.55546875 0.6484375 0.8890625 0.446875
3 0.58671875 0.77890625 0.8265625 0.4421875
3 0.6203125 0.85703125 0.759375 0.2859375
3 0.81953125 0.39375 0.3609375 0.7875
3 0.6703125 0.44296875 0.484375 0.8859375
3 0.43984375 0.52734375 0.4609375 0.9234375
3 0.22890625 0.58203125 0.4578125 0.8359375