3 0.47734375 0.07890625 0.9546875 0.1578125
3 0.48203125 0.16484375 0.9640625 0.1609375
3 0.4859375 0.22734375 0.971875 0.1671875
3 0.48828125 0.28515625 0.9765625 0.1578125
3 0.49375 0.38046875 0.9875 0.1515625
3 0.49453125 0.41171875 0.9890625 0.1390625
3 0.503125 0.53671875 0.99375 0.1390625
3 0.51015625 0.6640625 0.9796875 0.128125
3 0.51171875 0.7015625 0.9765625 0.128125
3 0.5171875 0.79453125 0.965625 0.1265625
3 0.521875 0.89140625 0.95625 0.1390625
3 0.5234375 0.92890625 0.953125 0.1390625
3 0.88125 0.4796875 0.18125 0.959375
3 0.70546875 0.4890625 0.1953125 0.978125
3 0.4890625 0.5 0.23125 1
3 0.275 0.51015625 0.20625 0.9796875
3 0.2171875 0.51328125 0.221875 0.9734375
3 0.08515625 0.52109375 0.1703125 0.9578125