3 0.49921875 0.253125 0.9984375 0.071875
3 0.49921875 0.378125 0.9984375 0.08125
3 0.49921875 0.53125 0.9984375 0.08125
3 0.49921875 0.68359375 0.9984375 0.0953125
3 0.49921875 0.83671875 0.9984375 0.0953125
3 0.49921875 0.128125 0.9984375 0.065625
3 0.30546875 0.01484375 0.6109375 0.0296875
3 0.19765625 0.49921875 0.1453125 0.9984375
3 0.46171875 0.49921875 0.1609375 0.9984375
3 0.7390625 0.49921875 0.25625 0.9984375
3 0.91953125 0.2453125 0.1578125 0.490625
3 0.81953125 0.9828125 0.3546875 0.03125