3 0.55078125 0.09375 0.8984375 0.1875
3 0.53984375 0.18828125 0.9203125 0.2296875
3 0.525 0.29453125 0.95 0.2453125
3 0.515625 0.3828125 0.96875 0.246875
3 0.51015625 0.4703125 0.9796875 0.253125
3 0.49296875 0.5390625 0.9859375 0.265625
3 0.48671875 0.6046875 0.9734375 0.28125
3 0.4796875 0.678125 0.959375 0.2875
3 0.47421875 0.734375 0.9484375 0.296875
3 0.46875 0.79140625 0.9375 0.3046875
3 0.46328125 0.840625 0.9265625 0.303125
3 0.45859375 0.865625 0.9171875 0.26875
3 0.4546875 0.884375 0.909375 0.23125
3 0.83828125 0.6359375 0.3234375 0.728125
3 0.80078125 0.52734375 0.3984375 0.9453125
3 0.70703125 0.51875 0.3671875 0.9625
3 0.60234375 0.5125 0.2984375 0.975
3 0.490625 0.4984375 0.2375 0.9796875
3 0.4171875 0.48984375 0.28125 0.9796875
3 0.36796875 0.48359375 0.3015625 0.9671875
3 0.265625 0.46796875 0.34375 0.9359375
3 0.18125 0.4671875 0.3625 0.934375
3 0.09765625 0.609375 0.1953125 0.621875
3 0.55078125 0.9375 0.6984375 0.125
3 0.85546875 0.828125 0.2296875 0.34375
3 0.8640625 0.94609375 0.11875 0.1078125