3 0.50078125 0.0625 0.9984375 0.084375
3 0.50078125 0.1640625 0.9984375 0.05625
3 0.50078125 0.2265625 0.9984375 0.0625
3 0.50078125 0.284375 0.9984375 0.053125
3 0.50078125 0.3796875 0.9984375 0.046875
3 0.50078125 0.4109375 0.9984375 0.034375
3 0.50078125 0.5375 0.9984375 0.034375
3 0.50078125 0.66484375 0.9984375 0.0234375
3 0.50078125 0.70390625 0.9984375 0.0234375
3 0.50078125 0.796875 0.9984375 0.021875
3 0.50078125 0.89375 0.9984375 0.034375
3 0.50078125 0.93125 0.9984375 0.034375
3 0.88359375 0.49921875 0.0765625 0.9984375
3 0.70703125 0.49921875 0.0921875 0.9984375
3 0.4890625 0.49921875 0.128125 0.9984375
3 0.275 0.49921875 0.103125 0.9984375
3 0.215625 0.49921875 0.11875 0.9984375
3 0.06015625 0.49921875 0.1140625 0.9984375