3 0.40234375 0.1671875 0.8046875 0.334375
3 0.41875 0.20546875 0.8375 0.4109375
3 0.43671875 0.28671875 0.8734375 0.4140625
3 0.44453125 0.32578125 0.8890625 0.4109375
3 0.4828125 0.4609375 0.934375 0.4265625
3 0.53671875 0.59765625 0.9265625 0.4265625
3 0.54375 0.63515625 0.9125 0.4390625
3 0.56484375 0.73203125 0.8703125 0.4296875
3 0.58046875 0.7953125 0.8390625 0.409375
3 0.59453125 0.828125 0.8109375 0.34375
3 0.146875 0.6046875 0.29375 0.790625
3 0.21875 0.57421875 0.4375 0.8515625
3 0.2953125 0.559375 0.428125 0.88125
3 0.45625 0.51796875 0.4328125 0.9375
3 0.496875 0.50078125 0.4109375 0.928125
3 0.7109375 0.440625 0.45 0.88125
3 0.853125 0.39375 0.29375 0.7875
3 0.3921875 0.14296875 0.784375 0.2859375