3 0.92890625 0.52265625 0.1421875 0.9546875
3 0.840625 0.51953125 0.140625 0.9609375
3 0.74453125 0.52578125 0.1453125 0.9484375
3 0.65 0.5046875 0.1484375 0.978125
3 0.55078125 0.50234375 0.1578125 0.9953125
3 0.46171875 0.496875 0.1578125 0.99375
3 0.36328125 0.4921875 0.1640625 0.984375
3 0.26171875 0.48671875 0.1640625 0.9734375
3 0.15390625 0.48125 0.1671875 0.9625
3 0.06328125 0.475 0.1265625 0.95
3 0.5 0.44921875 1 0.3359375
3 0.51015625 0.24921875 0.9796875 0.3109375
3 0.496875 0.65078125 0.99375 0.3546875
3 0.48828125 0.825 0.9765625 0.35
3 0.74375 0.94609375 0.425 0.1078125
3 0.49765625 0.08984375 0.9109375 0.1796875