3 0.89296875 0.44140625 0.2140625 0.8828125
3 0.8515625 0.4515625 0.290625 0.903125
3 0.7578125 0.46328125 0.2875 0.9265625
3 0.5796875 0.48515625 0.2875 0.9703125
3 0.59140625 0.484375 0.2890625 0.96875
3 0.3890625 0.51796875 0.296875 0.9640625
3 0.2640625 0.534375 0.29375 0.93125
3 0.1671875 0.54609375 0.296875 0.9078125
3 0.5453125 0.8296875 0.909375 0.303125
3 0.54140625 0.7875 0.9171875 0.284375
3 0.4890625 0.42265625 0.978125 0.3453125
3 0.47265625 0.26328125 0.9453125 0.3984375
3 0.6015625 0.06953125 0.578125 0.1390625