3 0.9359375 0.515625 0.11875 0.96875
3 0.85546875 0.51328125 0.1109375 0.9734375
3 0.78515625 0.5109375 0.1140625 0.978125
3 0.72578125 0.50859375 0.1078125 0.9828125
3 0.671875 0.50625 0.103125 0.9875
3 0.60703125 0.5046875 0.1015625 0.990625
3 0.53515625 0.5015625 0.1109375 0.996875
3 0.45234375 0.4984375 0.1078125 0.996875
3 0.36328125 0.4953125 0.0984375 0.990625
3 0.25859375 0.490625 0.0921875 0.98125
3 0.16484375 0.48828125 0.0953125 0.9765625
3 0.11015625 0.4859375 0.0921875 0.971875
3 0.03515625 0.4828125 0.0703125 0.965625
3 0.4859375 0.91796875 0.971875 0.1203125
3 0.496875 0.590625 0.99375 0.128125
3 0.5046875 0.33984375 0.990625 0.1640625
3 0.51484375 0.06796875 0.9703125 0.1359375