3 0.6078125 0.13984375 0.784375 0.2796875
3 0.59609375 0.1671875 0.8078125 0.334375
3 0.58125 0.2015625 0.8375 0.403125
3 0.56328125 0.2828125 0.8734375 0.4125
3 0.559375 0.30546875 0.88125 0.4078125
3 0.53125 0.425 0.934375 0.425
3 0.51640625 0.459375 0.9328125 0.421875
3 0.4640625 0.5890625 0.928125 0.425
3 0.42890625 0.7515625 0.8578125 0.41875
3 0.39375 0.85390625 0.7875 0.2921875
3 0.203125 0.38671875 0.40625 0.7734375
3 0.23046875 0.4296875 0.4609375 0.859375
3 0.37265625 0.46875 0.5453125 0.9375
3 0.4453125 0.47890625 0.5 0.9578125
3 0.63359375 0.54296875 0.4359375 0.9140625
3 0.70078125 0.5578125 0.4296875 0.884375
3 0.83046875 0.5953125 0.3390625 0.809375
3 0.97890625 0.4203125 0.0421875 0.4