3 0.9390625 0.50078125 0.040625 0.9984375
3 0.8625 0.50078125 0.05 0.9984375
3 0.765625 0.50078125 0.046875 0.9984375
3 0.5828125 0.50078125 0.046875 0.9984375
3 0.59453125 0.50078125 0.0484375 0.9984375
3 0.3859375 0.50078125 0.05625 0.9984375
3 0.25625 0.50078125 0.053125 0.9984375
3 0.1578125 0.50078125 0.05625 0.9984375
3 0.50078125 0.83984375 0.9984375 0.0640625
3 0.50078125 0.796875 0.9984375 0.04375
3 0.50078125 0.4203125 0.9984375 0.10625
3 0.50078125 0.25703125 0.9984375 0.1609375
3 0.715625 0.05625 0.56875 0.109375