3 0.571875 0.1234375 0.85625 0.246875
3 0.56015625 0.16171875 0.8796875 0.3234375
3 0.54609375 0.246875 0.9078125 0.3375
3 0.51875 0.421875 0.9625 0.3375
3 0.52109375 0.4109375 0.9578125 0.3375
3 0.47578125 0.60859375 0.9515625 0.3453125
3 0.45625 0.73359375 0.9125 0.3421875
3 0.4421875 0.82734375 0.884375 0.3453125
3 0.17578125 0.44296875 0.3515625 0.8859375
3 0.215625 0.44765625 0.334375 0.8953125
3 0.5765625 0.51484375 0.39375 0.9703125
3 0.73203125 0.534375 0.4453125 0.93125
3 0.92578125 0.42265625 0.1484375 0.5765625