3 0.49921875 0.07109375 0.9984375 0.0203125
3 0.49921875 0.20859375 0.9984375 0.0140625
3 0.49921875 0.23828125 0.9984375 0.0203125
3 0.49921875 0.40234375 0.9984375 0.0265625
3 0.49921875 0.43515625 0.9984375 0.0171875
3 0.49921875 0.5953125 0.9984375 0.028125
3 0.49921875 0.72265625 0.9984375 0.0171875
3 0.49921875 0.79140625 0.9984375 0.0296875
3 0.49921875 0.959375 0.9984375 0.025
3 0.1875 0.49921875 0.1 0.9984375
3 0.32265625 0.49921875 0.0609375 0.9984375
3 0.51328125 0.49921875 0.0484375 0.9984375
3 0.71640625 0.49921875 0.0265625 0.9984375
3 0.82421875 0.49921875 0.0578125 0.9984375