3 0.9265625 0.46640625 0.146875 0.9328125
3 0.89296875 0.46953125 0.1515625 0.9390625
3 0.83046875 0.47421875 0.1609375 0.9484375
3 0.76328125 0.47890625 0.1484375 0.9578125
3 0.71640625 0.48203125 0.1578125 0.9640625
3 0.61640625 0.4890625 0.1546875 0.978125
3 0.59453125 0.490625 0.1484375 0.98125
3 0.46328125 0.5046875 0.15 0.990625
3 0.44140625 0.50546875 0.1734375 0.9890625
3 0.26796875 0.5171875 0.1703125 0.965625
3 0.0828125 0.53046875 0.165625 0.9390625
3 0.0671875 0.5328125 0.134375 0.934375
3 0.47578125 0.15078125 0.9515625 0.2140625
3 0.4796875 0.2265625 0.959375 0.18125
3 0.496875 0.471875 0.99375 0.190625
3 0.50078125 0.4984375 0.996875 0.1953125
3 0.51640625 0.75 0.9671875 0.265625
3 0.51953125 0.821875 0.9609375 0.309375
3 0.9140625 0.90234375 0.171875 0.1078125