3 0.421875 0.12421875 0.84375 0.2484375
3 0.42734375 0.14140625 0.8546875 0.2828125
3 0.4375 0.18359375 0.875 0.3296875
3 0.44765625 0.24765625 0.8953125 0.3171875
3 0.4546875 0.29140625 0.909375 0.3265625
3 0.4703125 0.38671875 0.940625 0.3234375
3 0.4734375 0.40859375 0.946875 0.3171875
3 0.51171875 0.534375 0.953125 0.31875
3 0.51875 0.55625 0.9609375 0.340625
3 0.546875 0.7234375 0.90625 0.3375
3 0.57578125 0.8671875 0.8484375 0.265625
3 0.58046875 0.88125 0.8390625 0.2375
3 0.821875 0.43828125 0.35625 0.8765625
3 0.76171875 0.44765625 0.3484375 0.8953125
3 0.52578125 0.490625 0.3578125 0.965625
3 0.5015625 0.4984375 0.3625 0.9671875
3 0.25859375 0.54140625 0.4296875 0.9171875
3 0.21328125 0.54921875 0.4265625 0.9015625