3 0.49921875 0.034375 0.9984375 0.0125
3 0.49921875 0.1 0.9984375 0.015625
3 0.49921875 0.1796875 0.9984375 0.01875
3 0.49921875 0.2609375 0.9984375 0.015625
3 0.49921875 0.3578125 0.9984375 0.01875
3 0.49921875 0.4625 0.9984375 0.01875
3 0.49921875 0.57421875 0.9984375 0.0234375
3 0.49921875 0.73046875 0.9984375 0.0515625
3 0.49921875 0.875 0.9984375 0.053125
3 0.06796875 0.49921875 0.1140625 0.9984375
3 0.2578125 0.49921875 0.021875 0.9984375
3 0.47578125 0.49921875 0.0984375 0.9984375
3 0.70078125 0.49921875 0.2234375 0.9984375
3 0.875 0.42265625 0.24375 0.8453125
3 0.95859375 0.11796875 0.0796875 0.2359375