3 0.9328125 0.528125 0.134375 0.94375
3 0.9125 0.525 0.175 0.95
3 0.7890625 0.51796875 0.171875 0.9640625
3 0.7265625 0.5140625 0.178125 0.971875
3 0.64453125 0.509375 0.1734375 0.98125
3 0.51171875 0.5 0.1671875 0.9953125
3 0.478125 0.49609375 0.1625 0.9921875
3 0.3140625 0.4859375 0.1625 0.971875
3 0.278125 0.48359375 0.1625 0.9671875
3 0.14453125 0.47578125 0.1546875 0.9515625
3 0.51796875 0.2078125 0.9640625 0.196875
3 0.5140625 0.28046875 0.971875 0.1734375
3 0.496875 0.56875 0.99375 0.225
3 0.49296875 0.64453125 0.9859375 0.2640625
3 0.478125 0.88046875 0.95625 0.2390625