3 0.83359375 0.415625 0.3328125 0.83125
3 0.8453125 0.41171875 0.309375 0.8234375
3 0.73671875 0.440625 0.4015625 0.88125
3 0.64140625 0.45859375 0.3921875 0.9171875
3 0.57890625 0.46953125 0.3828125 0.9390625
3 0.453125 0.51796875 0.3828125 0.940625
3 0.309375 0.5515625 0.375 0.896875
3 0.22734375 0.5671875 0.3828125 0.865625
3 0.17265625 0.58046875 0.3453125 0.8390625
3 0.42109375 0.175 0.8421875 0.35
3 0.4453125 0.265625 0.890625 0.43125
3 0.47109375 0.41640625 0.9421875 0.4015625
3 0.52421875 0.5671875 0.9515625 0.41875
3 0.5421875 0.64609375 0.915625 0.3921875
3 0.5859375 0.8390625 0.828125 0.321875