3 0.87578125 0.3828125 0.125 0.7421875
3 0.93203125 0.3828125 0.128125 0.7515625
3 0.81171875 0.37890625 0.10625 0.7453125
3 0.74609375 0.378125 0.10625 0.75
3 0.66484375 0.37890625 0.1 0.746875
3 0.58984375 0.375 0.075 0.7484375
3 0.4828125 0.375 0.0640625 0.7484375
3 0.39453125 0.375 0.059375 0.746875
3 0.29296875 0.37265625 0.05 0.74375
3 0.1796875 0.36875 0.04375 0.7375
3 0.05625 0.3703125 0.0625 0.740625
3 0.56640625 0.05703125 0.8671875 0.1140625
3 0.503125 0.10859375 0.99375 0.1296875
3 0.4953125 0.2 0.98125 0.0796875
3 0.5015625 0.27578125 0.996875 0.0453125
3 0.49296875 0.37109375 0.9828125 0.0875
3 0.5 0.45703125 1 0.1296875
3 0.5 0.53984375 1 0.1828125
3 0.49921875 0.6265625 0.9984375 0.246875
3 0.5671875 0.6640625 0.85625 0.190625
3 0.72109375 0.6921875 0.553125 0.1328125
3 0.96015625 0.5 0.0796875 0.5125