3 0.5359375 0.1125 0.928125 0.21875
3 0.5375 0.09921875 0.925 0.1984375
3 0.5234375 0.24921875 0.953125 0.2203125
3 0.51484375 0.3515625 0.9703125 0.2125
3 0.51015625 0.41640625 0.9796875 0.2015625
3 0.4921875 0.55 0.984375 0.2
3 0.47890625 0.7 0.9578125 0.19375
3 0.47109375 0.7875 0.9421875 0.2
3 0.4640625 0.86953125 0.928125 0.2078125
3 0.12890625 0.45625 0.2359375 0.9125
3 0.253125 0.4765625 0.25 0.953125
3 0.41171875 0.48984375 0.2203125 0.9796875
3 0.5703125 0.50703125 0.2375 0.9859375
3 0.65546875 0.515625 0.2109375 0.96875
3 0.8953125 0.53671875 0.209375 0.9265625