3 0.50078125 0.09375 0.9984375 0.015625
3 0.50078125 0.1859375 0.9984375 0.015625
3 0.50078125 0.2578125 0.9984375 0.0125
3 0.50078125 0.45390625 0.9984375 0.0171875
3 0.50078125 0.43984375 0.9984375 0.0171875
3 0.50078125 0.62265625 0.9984375 0.0109375
3 0.50078125 0.7296875 0.9984375 0.021875
3 0.50078125 0.83984375 0.9984375 0.0171875
3 0.9125 0.49921875 0.11875 0.9984375
3 0.80546875 0.49921875 0.1234375 0.9984375
3 0.5953125 0.49921875 0.03125 0.9984375
3 0.3015625 0.49921875 0.06875 0.9984375
3 0.23828125 0.49921875 0.1359375 0.9984375