3 0.490625 0.0453125 0.98125 0.090625
3 0.4921875 0.12890625 0.984375 0.0796875
3 0.49375 0.215625 0.9875 0.075
3 0.49765625 0.31953125 0.9890625 0.0640625
3 0.496875 0.4203125 0.99375 0.05
3 0.5 0.553125 0.996875 0.046875
3 0.503125 0.696875 0.99375 0.0625
3 0.50546875 0.83984375 0.9890625 0.0640625
3 0.46015625 0.9765625 0.8859375 0.046875
3 0.03515625 0.20859375 0.0703125 0.3859375
3 0.1859375 0.50390625 0.165625 0.9921875
3 0.403125 0.50078125 0.0875 0.9984375
3 0.6359375 0.496875 0.096875 0.99375
3 0.84921875 0.49375 0.1609375 0.9875