3 0.9375 0.525 0.125 0.95
3 0.91328125 0.5234375 0.1578125 0.953125
3 0.78984375 0.51640625 0.1546875 0.9671875
3 0.72734375 0.51328125 0.1609375 0.9734375
3 0.64453125 0.50859375 0.1578125 0.9828125
3 0.5109375 0.50234375 0.15 0.9953125
3 0.478125 0.49921875 0.1453125 0.9953125
3 0.31328125 0.48984375 0.1453125 0.9796875
3 0.27734375 0.4875 0.1453125 0.975
3 0.1421875 0.48046875 0.1375 0.9609375
3 0.48515625 0.79296875 0.9703125 0.1796875
3 0.48828125 0.721875 0.9765625 0.15625
3 0.503125 0.43125 0.99375 0.20625
3 0.50546875 0.35625 0.9890625 0.246875
3 0.51875 0.11484375 0.9625 0.2296875