3 0.9015625 0.43359375 0.196875 0.8671875
3 0.8390625 0.45 0.321875 0.9
3 0.74375 0.46328125 0.31875 0.9265625
3 0.6421875 0.475 0.296875 0.95
3 0.53671875 0.4921875 0.2875 0.9703125
3 0.42578125 0.5328125 0.2828125 0.934375
3 0.30390625 0.5453125 0.3015625 0.909375
3 0.18671875 0.55859375 0.3015625 0.8828125
3 0.0953125 0.578125 0.190625 0.84375
3 0.54921875 0.83359375 0.9015625 0.3328125
3 0.52265625 0.64453125 0.9546875 0.3421875
3 0.4859375 0.428125 0.971875 0.321875
3 0.45859375 0.23828125 0.9171875 0.2921875
3 0.434375 0.10078125 0.86875 0.2015625
3 0.02421875 0.25625 0.0484375 0.0625