3 0.9703125 0.34921875 0.046875 0.6984375
3 0.5 0.67265625 1 0.1515625
3 0.496875 0.54453125 0.99375 0.0703125
3 0.4421875 0.28671875 0.884375 0.1078125
3 0.3359375 0.375 0.040625 0.75
3 0.54765625 0.1671875 0.9046875 0.115625
3 0.5 0.0734375 1 0.146875
3 0.01875 0.37890625 0.0375 0.7390625
3 0.134375 0.390625 0.053125 0.71875
3 0.5984375 0.375 0.0375 0.75
3 0.51796875 0.325 0.9640625 0.078125
3 0.803125 0.3359375 0.04375 0.628125
3 0.86875 0.34140625 0.034375 0.6796875
3 0.47890625 0.375 0.0390625 0.75
3 0.5 0.48515625 1 0.0296875
3 0.5 0.60625 1 0.1
3 0.5 0.18984375 1 0.1390625
3 0.7515625 0.38046875 0.034375 0.7390625
3 0.83515625 0.0296875 0.3296875 0.059375
3 0.6015625 0.059375 0.796875 0.11875