3 0.2625 0.13046875 0.525 0.2609375
3 0.6609375 0.465625 0.5 0.93125
3 0.54296875 0.48671875 0.421875 0.953125
3 0.32109375 0.59921875 0.4171875 0.8015625
3 0.4421875 0.69765625 0.7140625 0.30625
3 0.19375 0.565625 0.3875 0.86875
3 0.17421875 0.5796875 0.3484375 0.840625
3 0.559375 0.92109375 0.703125 0.1578125
3 0.52734375 0.86328125 0.6921875 0.2734375
3 0.35234375 0.453125 0.7046875 0.303125
3 0.3296875 0.540625 0.41875 0.91875
3 0.26953125 0.27578125 0.5390625 0.2640625
3 0.27109375 0.2125 0.5421875 0.275
3 0.39140625 0.565625 0.7140625 0.3046875
3 0.4859375 0.50546875 0.3859375 0.94375
3 0.59921875 0.47265625 0.4515625 0.9453125
3 0.2265625 0.559375 0.453125 0.88125
3 0.32421875 0.3078125 0.6484375 0.296875
3 0.125 0.56328125 0.25 0.7859375