3 0.50859375 0.54375 0.9828125 0.3125
3 0.4875 0.42578125 0.975 0.2671875
3 0.47734375 0.31640625 0.9546875 0.3109375
3 0.46875 0.2203125 0.9375 0.359375
3 0.45859375 0.15390625 0.9171875 0.3078125
3 0.6875 0.4703125 0.3 0.940625
3 0.43046875 0.51953125 0.2828125 0.9609375
3 0.3578125 0.5328125 0.259375 0.934375
3 0.51796875 0.65546875 0.9640625 0.3609375
3 0.525 0.74453125 0.95 0.3890625
3 0.53671875 0.8140625 0.9265625 0.371875
3 0.25234375 0.5328125 0.253125 0.93125
3 0.115625 0.55 0.23125 0.9
3 0.46796875 0.88359375 0.7578125 0.2328125
3 0.50234375 0.5078125 0.9828125 0.26875
3 0.48984375 0.44609375 0.9765625 0.2515625
3 0.8484375 0.45625 0.26875 0.9125
3 0.5109375 0.5828125 0.978125 0.315625
3 0.48203125 0.38203125 0.9640625 0.2640625
3 0.471875 0.2515625 0.94375 0.340625
3 0.4671875 0.19296875 0.934375 0.3734375
3 0.46015625 0.1640625 0.9203125 0.328125
3 0.35859375 0.1375 0.7171875 0.275
3 0.1765625 0.13046875 0.353125 0.2046875
3 0.52734375 0.70625 0.9453125 0.36875
3 0.55234375 0.82890625 0.8953125 0.3421875
3 0.49921875 0.50234375 0.271875 0.98125
3 0.28984375 0.95703125 0.3765625 0.0859375
3 0.65078125 0.46953125 0.2640625 0.9390625
3 0.5453125 0.8109375 0.909375 0.378125