3 0.46796875 0.078125 0.9359375 0.15625
3 0.47421875 0.14140625 0.9484375 0.1890625
3 0.48046875 0.23828125 0.9609375 0.1859375
3 0.49375 0.41953125 0.9875 0.1859375
3 0.4921875 0.4078125 0.984375 0.1875
3 0.50859375 0.61171875 0.9828125 0.1953125
3 0.51796875 0.74296875 0.9640625 0.1921875
3 0.525 0.83828125 0.95 0.1953125
3 0.8359375 0.475 0.203125 0.95
3 0.79296875 0.47734375 0.1828125 0.9546875
3 0.4203125 0.50390625 0.24375 0.9921875
3 0.25859375 0.51328125 0.2984375 0.9734375
3 0.06171875 0.3484375 0.1234375 0.578125