3 0.83203125 0.3796875 0.3359375 0.759375
3 0.796875 0.396875 0.40625 0.79375
3 0.75390625 0.415625 0.4734375 0.83125
3 0.66484375 0.4375 0.4609375 0.875
3 0.57109375 0.46328125 0.4515625 0.903125
3 0.4515625 0.521875 0.4484375 0.9015625
3 0.321875 0.565625 0.4625 0.86875
3 0.2125 0.59609375 0.425 0.8078125
3 0.12421875 0.628125 0.2484375 0.74375
3 0.5734375 0.0328125 0.378125 0.065625
3 0.4203125 0.24765625 0.840625 0.4953125
3 0.459375 0.41171875 0.91875 0.4859375
3 0.54921875 0.62265625 0.9015625 0.4953125
3 0.58828125 0.76875 0.8234375 0.4625