3 0.5 0.02890625 0.996875 0.0359375
3 0.5 0.071875 0.996875 0.046875
3 0.5 0.13125 0.996875 0.0375
3 0.5 0.1875 0.996875 0.0375
3 0.5 0.246875 0.996875 0.03125
3 0.5 0.30703125 0.996875 0.0390625
3 0.5 0.36484375 0.996875 0.0359375
3 0.5 0.4421875 0.996875 0.034375
3 0.5 0.5046875 0.996875 0.040625
3 0.5 0.57265625 0.996875 0.0390625
3 0.5 0.6515625 0.996875 0.025
3 0.5 0.734375 0.996875 0.034375
3 0.5 0.81640625 0.996875 0.0140625
3 0.5 0.8984375 0.996875 0.01875
3 0.5 0.984375 0.996875 0.015625
3 0.11640625 0.49921875 0.0546875 0.9984375
3 0.33125 0.49921875 0.0875 0.9984375
3 0.5921875 0.490625 0.13125 0.98125
3 0.8375 0.49921875 0.165625 0.9984375
3 0.9734375 0.11484375 0.05 0.2296875