3 0.17578125 0.49921875 0.0671875 0.9984375
3 0.21328125 0.49921875 0.0484375 0.9984375
3 0.52265625 0.50078125 0.1078125 0.9984375
3 0.7375 0.48984375 0.109375 0.9796875
3 0.87578125 0.49921875 0.1234375 0.9984375
3 0.971875 0.2578125 0.053125 0.515625
3 0.49921875 0.0453125 0.9984375 0.065625
3 0.49921875 0.084375 0.9984375 0.0625
3 0.49921875 0.2109375 0.9984375 0.05625
3 0.49921875 0.3296875 0.9984375 0.05
3 0.49921875 0.38828125 0.9984375 0.0484375
3 0.49921875 0.45703125 0.9984375 0.0390625
3 0.49921875 0.578125 0.9984375 0.053125
3 0.49921875 0.7203125 0.9984375 0.028125
3 0.49921875 0.778125 0.9984375 0.034375
3 0.49921875 0.85859375 0.9984375 0.0203125
3 0.54375 0.9875 0.909375 0.025