3 0.49453125 0.01953125 0.9890625 0.0390625
3 0.4953125 0.04453125 0.990625 0.0546875
3 0.49609375 0.1609375 0.9921875 0.05
3 0.49609375 0.17890625 0.9921875 0.0421875
3 0.496875 0.26640625 0.99375 0.0609375
3 0.49765625 0.34140625 0.9953125 0.0515625
3 0.50234375 0.3578125 0.9875 0.0359375
3 0.4984375 0.465625 0.996875 0.065625
3 0.5 0.534375 0.9984375 0.0390625
3 0.5 0.55 0.9984375 0.0359375
3 0.50078125 0.63203125 0.9984375 0.0328125
3 0.5015625 0.74453125 0.996875 0.0515625
3 0.50234375 0.76640625 0.9953125 0.0453125
3 0.503125 0.871875 0.99375 0.046875
3 0.50390625 0.9546875 0.9921875 0.05
3 0.03203125 0.16875 0.0640625 0.325
3 0.1421875 0.50234375 0.1875 0.9953125
3 0.390625 0.5 0.1 1
3 0.5453125 0.49921875 0.08125 0.9984375
3 0.83515625 0.49609375 0.1015625 0.9921875
3 0.940625 0.4953125 0.11875 0.990625