3 0.890625 0.5765625 0.21875 0.846875
3 0.82890625 0.5578125 0.3421875 0.884375
3 0.73984375 0.54375 0.3515625 0.9125
3 0.63984375 0.5296875 0.3296875 0.940625
3 0.5359375 0.5109375 0.321875 0.9625
3 0.4265625 0.46328125 0.315625 0.9265625
3 0.30546875 0.4484375 0.3328125 0.896875
3 0.19140625 0.43359375 0.3328125 0.8671875
3 0.10625 0.41171875 0.2125 0.8234375
3 0.55625 0.17578125 0.8875 0.3515625
3 0.52734375 0.3578125 0.9453125 0.375
3 0.4828125 0.57109375 0.965625 0.3546875
3 0.45234375 0.7578125 0.9046875 0.325
3 0.42421875 0.88828125 0.8484375 0.2234375
3 0.0203125 0.72578125 0.040625 0.0671875