3 0.3765625 0.12734375 0.740625 0.1109375
3 0.375 0.0703125 0.75 0.115625
3 0.3734375 0.19140625 0.74375 0.0921875
3 0.37421875 0.25625 0.7484375 0.09375
3 0.37578125 0.33828125 0.7453125 0.0859375
3 0.3734375 0.4125 0.746875 0.0625
3 0.375 0.52109375 0.746875 0.0515625
3 0.3765625 0.60859375 0.746875 0.0484375
3 0.3765625 0.709375 0.74375 0.0375
3 0.3734375 0.821875 0.740625 0.03125
3 0.375 0.94609375 0.746875 0.0484375
3 0.05234375 0.43671875 0.1046875 0.8734375
3 0.109375 0.5 0.1125 1
3 0.2 0.51015625 0.0625 0.9796875
3 0.2765625 0.5 0.028125 1
3 0.37109375 0.509375 0.0703125 0.98125
3 0.4578125 0.5 0.1125 1
3 0.540625 0.5 0.165625 1
3 0.62734375 0.5 0.2296875 1
3 0.6625 0.4296875 0.175 0.853125
3 0.68828125 0.27578125 0.1234375 0.5515625
3 0.49296875 0.0375 0.5109375 0.075