3 0.50078125 0.2296875 0.9984375 0.04375
3 0.503125 0.2703125 0.99375 0.040625
3 0.7953125 0.49921875 0.090625 0.9984375
3 0.671875 0.5015625 0.1 0.99375
3 0.5 0.09609375 0.996875 0.0421875
3 0.378125 0.5 0.065625 0.996875
3 0.50078125 0.453125 0.9984375 0.021875
3 0.50078125 0.503125 0.9984375 0.0375
3 0.50078125 0.6671875 0.9984375 0.034375
3 0.50078125 0.796875 0.9984375 0.025
3 0.50078125 0.821875 0.9984375 0.025
3 0.50078125 0.9046875 0.9984375 0.034375
3 0.303125 0.4984375 0.14375 0.996875
3 0.9859375 0.50546875 0.028125 0.9859375