3 0.8390625 0.615625 0.321875 0.76875
3 0.8203125 0.60703125 0.359375 0.7859375
3 0.76328125 0.58125 0.4671875 0.8375
3 0.70703125 0.5671875 0.4734375 0.865625
3 0.63125 0.54921875 0.46875 0.9015625
3 0.51015625 0.50625 0.4625 0.921875
3 0.4796875 0.4921875 0.4578125 0.9203125
3 0.32890625 0.440625 0.4578125 0.88125
3 0.29609375 0.43359375 0.4578125 0.8671875
3 0.2 0.40390625 0.4 0.8078125
3 0.421875 0.7609375 0.84375 0.478125
3 0.434375 0.7015625 0.86875 0.46875
3 0.52734375 0.4375 0.9453125 0.515625
3 0.5390625 0.36953125 0.921875 0.5515625
3 0.5921875 0.20859375 0.815625 0.4171875