3 0.9234375 0.5015625 0.071875 0.996875
3 0.7953125 0.5015625 0.0625 0.996875
3 0.66875 0.5015625 0.059375 0.996875
3 0.51640625 0.5015625 0.0640625 0.996875
3 0.35703125 0.5015625 0.0671875 0.996875
3 0.159375 0.5015625 0.084375 0.996875
3 0.88515625 0.97109375 0.2296875 0.0578125
3 0.50078125 0.89140625 0.9984375 0.1984375
3 0.50078125 0.725 0.9984375 0.1375
3 0.50078125 0.5328125 0.9984375 0.1375
3 0.50078125 0.384375 0.9984375 0.034375
3 0.50078125 0.2296875 0.9984375 0.03125
3 0.50078125 0.06875 0.9984375 0.053125