3 0.34921875 0.0296875 0.6984375 0.046875
3 0.67265625 0.5 0.1515625 1
3 0.54453125 0.503125 0.0703125 0.99375
3 0.28671875 0.5578125 0.1078125 0.884375
3 0.375 0.6640625 0.75 0.040625
3 0.1671875 0.45234375 0.115625 0.9046875
3 0.0734375 0.5 0.146875 1
3 0.37890625 0.98125 0.7390625 0.0375
3 0.38984375 0.865625 0.7203125 0.053125
3 0.375 0.4015625 0.75 0.0375
3 0.325 0.48203125 0.078125 0.9640625
3 0.3359375 0.19765625 0.628125 0.0421875
3 0.34140625 0.13125 0.6796875 0.034375
3 0.375 0.52265625 0.75 0.0390625
3 0.48515625 0.5 0.0296875 1
3 0.60625 0.5 0.1 1
3 0.18984375 0.5 0.1390625 1
3 0.38046875 0.2484375 0.7390625 0.034375
3 0.0296875 0.16484375 0.059375 0.3296875
3 0.059375 0.3984375 0.11875 0.796875