3 0.50234375 0.415625 0.9953125 0.115625
3 0.50078125 0.475 0.9984375 0.1078125
3 0.496875 0.58046875 0.99375 0.1015625
3 0.49296875 0.6546875 0.9859375 0.115625
3 0.49296875 0.7171875 0.9859375 0.11875
3 0.43359375 0.540625 0.05625 0.3828125
3 0.56015625 0.55078125 0.0546875 0.371875
3 0.68203125 0.55625 0.078125 0.375
3 0.80078125 0.5578125 0.0921875 0.3703125
3 0.9234375 0.56953125 0.10625 0.38125
3 0.31484375 0.5296875 0.0796875 0.3875
3 0.1828125 0.52265625 0.1 0.384375
3 0.0578125 0.51484375 0.115625 0.3765625
3 0.5046875 0.36796875 0.990625 0.1078125
3 0.490625 0.759375 0.98125 0.09375