3 0.92109375 0.3046875 0.1578125 0.609375
3 0.51328125 0.66953125 0.9734375 0.3390625
3 0.50546875 0.54453125 0.9890625 0.259375
3 0.4234375 0.3015625 0.846875 0.275
3 0.31484375 0.40859375 0.1828125 0.74375
3 0.48359375 0.1640625 0.909375 0.2859375
3 0.46171875 0.12421875 0.9234375 0.2484375
3 0.046875 0.47265625 0.09375 0.7328125
3 0.1203125 0.4625 0.1890625 0.715625
3 0.57265625 0.36484375 0.1796875 0.7296875
3 0.484375 0.325 0.9609375 0.2609375
3 0.765625 0.296875 0.1625 0.59375
3 0.83203125 0.30546875 0.1640625 0.6109375
3 0.45546875 0.38125 0.18125 0.74375
3 0.496875 0.48515625 0.9875 0.2203125
3 0.51015625 0.60390625 0.9796875 0.2890625
3 0.471875 0.19453125 0.94375 0.3265625
3 0.7234375 0.35 0.175 0.7
3 0.7390625 0.0171875 0.334375 0.034375
3 0.51484375 0.09140625 0.8046875 0.1828125