3 0.403125 0.14921875 0.80625 0.2984375
3 0.41875 0.1875 0.8375 0.375
3 0.43671875 0.25390625 0.8734375 0.4171875
3 0.47109375 0.42421875 0.9421875 0.4171875
3 0.46875 0.4125 0.9375 0.41875
3 0.53515625 0.60546875 0.9296875 0.4265625
3 0.56015625 0.72734375 0.8796875 0.4234375
3 0.57734375 0.8015625 0.8453125 0.396875
3 0.79921875 0.4234375 0.4015625 0.846875
3 0.77421875 0.4296875 0.4140625 0.859375
3 0.425 0.52265625 0.471875 0.9546875
3 0.27421875 0.5484375 0.5234375 0.903125
3 0.08203125 0.465625 0.1640625 0.56875