3 0.87578125 0.49921875 0.1203125 0.9984375
3 0.584375 0.49921875 0.078125 0.9984375
3 0.4875 0.49921875 0.08125 0.9984375
3 0.26953125 0.49921875 0.0453125 0.9984375
3 0.06328125 0.49921875 0.0578125 0.9984375
3 0.5015625 0.0796875 0.996875 0.028125
3 0.5015625 0.1109375 0.996875 0.04375
3 0.5015625 0.2453125 0.996875 0.021875
3 0.5015625 0.35 0.996875 0.040625
3 0.5015625 0.4015625 0.996875 0.01875
3 0.5015625 0.57890625 0.996875 0.0203125
3 0.5015625 0.6203125 0.996875 0.0375
3 0.5015625 0.7515625 0.996875 0.028125
3 0.5015625 0.88125 0.996875 0.046875
3 0.5015625 0.9296875 0.996875 0.025