3 0.3859375 0.14609375 0.771875 0.2921875
3 0.39765625 0.1734375 0.7953125 0.346875
3 0.41328125 0.20703125 0.8265625 0.4140625
3 0.43203125 0.28515625 0.8640625 0.4296875
3 0.43671875 0.30703125 0.8734375 0.4234375
3 0.46640625 0.42578125 0.928125 0.440625
3 0.48125 0.46015625 0.9265625 0.4375
3 0.5375 0.5890625 0.925 0.440625
3 0.5734375 0.75 0.853125 0.434375
3 0.61015625 0.8484375 0.7796875 0.303125
3 0.19375 0.58515625 0.3875 0.8296875
3 0.234375 0.5734375 0.46875 0.853125
3 0.37421875 0.53203125 0.5609375 0.9359375
3 0.44453125 0.52109375 0.5140625 0.9578125
3 0.63203125 0.453125 0.4515625 0.90625
3 0.69921875 0.4375 0.4453125 0.875
3 0.825 0.3984375 0.35 0.796875
3 0.821875 0.11953125 0.203125 0.2390625