3 0.49921875 0.0359375 0.9984375 0.028125
3 0.49921875 0.096875 0.9984375 0.025
3 0.49921875 0.1640625 0.9984375 0.0375
3 0.49921875 0.2640625 0.9984375 0.025
3 0.49921875 0.2890625 0.9984375 0.01875
3 0.49921875 0.41875 0.9984375 0.0375
3 0.49921875 0.45625 0.9984375 0.034375
3 0.49921875 0.596875 0.9984375 0.0375
3 0.49921875 0.7734375 0.9984375 0.03125
3 0.49921875 0.9609375 0.9984375 0.046875
3 0.09296875 0.465625 0.1859375 0.93125
3 0.12265625 0.49921875 0.2453125 0.9984375
3 0.3625 0.49921875 0.16875 0.9984375
3 0.440625 0.49921875 0.11875 0.9984375
3 0.6453125 0.49921875 0.05 0.9984375
3 0.71875 0.49921875 0.04375 0.9984375
3 0.92734375 0.49921875 0.0796875 0.9984375
3 0.98125 0.21015625 0.034375 0.4203125