3 0.9390625 0.49921875 0.084375 0.9984375
3 0.8375 0.49921875 0.05625 0.9984375
3 0.7734375 0.49921875 0.0625 0.9984375
3 0.7171875 0.49921875 0.053125 0.9984375
3 0.6203125 0.49921875 0.046875 0.9984375
3 0.590625 0.49921875 0.034375 0.9984375
3 0.4640625 0.49921875 0.034375 0.9984375
3 0.33515625 0.49921875 0.0234375 0.9984375
3 0.29765625 0.49921875 0.0234375 0.9984375
3 0.203125 0.49921875 0.021875 0.9984375
3 0.1078125 0.49921875 0.034375 0.9984375
3 0.0703125 0.49921875 0.034375 0.9984375
3 0.50078125 0.11640625 0.9984375 0.0765625
3 0.50078125 0.29453125 0.9984375 0.0921875
3 0.50078125 0.5125 0.9984375 0.128125
3 0.50078125 0.725 0.9984375 0.103125
3 0.50078125 0.784375 0.9984375 0.11875
3 0.50078125 0.94140625 0.9984375 0.1140625