3 0.5734375 0.1171875 0.853125 0.234375
3 0.56796875 0.13671875 0.8640625 0.2734375
3 0.55 0.21953125 0.9 0.3390625
3 0.53984375 0.2796875 0.9203125 0.346875
3 0.528125 0.36015625 0.94375 0.3421875
3 0.5015625 0.48828125 0.9671875 0.334375
3 0.4921875 0.5203125 0.965625 0.3296875
3 0.46328125 0.67890625 0.9265625 0.3296875
3 0.4578125 0.71328125 0.915625 0.3296875
3 0.4375 0.83984375 0.875 0.3203125
3 0.21875 0.45078125 0.3625 0.9015625
3 0.2890625 0.459375 0.340625 0.91875
3 0.565625 0.51328125 0.390625 0.9734375
3 0.6375 0.52109375 0.428125 0.9578125
3 0.83203125 0.55859375 0.3359375 0.8828125