3 0.49921875 0.05859375 0.9984375 0.0265625
3 0.49921875 0.103125 0.9984375 0.0125
3 0.49921875 0.16640625 0.9984375 0.0234375
3 0.49921875 0.23515625 0.9984375 0.0109375
3 0.49921875 0.28125 0.9984375 0.01875
3 0.49921875 0.38125 0.9984375 0.015625
3 0.49921875 0.4046875 0.9984375 0.009375
3 0.49921875 0.53671875 0.9984375 0.0109375
3 0.49921875 0.559375 0.9984375 0.034375
3 0.49921875 0.73515625 0.9984375 0.0328125
3 0.49921875 0.92734375 0.9984375 0.0359375
3 0.49921875 0.95625 0.9984375 0.034375
3 0.14765625 0.49921875 0.0765625 0.9984375
3 0.22421875 0.49921875 0.0421875 0.9984375
3 0.47265625 0.49921875 0.0515625 0.9984375
3 0.4984375 0.49921875 0.05625 0.9984375
3 0.753125 0.49921875 0.128125 0.9984375
3 0.825 0.49921875 0.171875 0.9984375
3 0.96015625 0.1140625 0.0765625 0.228125