3 0.5140625 0.09453125 0.971875 0.0890625
3 0.51328125 0.11953125 0.9734375 0.0828125
3 0.5078125 0.27734375 0.984375 0.0828125
3 0.50703125 0.30078125 0.9859375 0.0859375
3 0.50078125 0.46015625 0.9984375 0.0953125
3 0.50078125 0.478125 0.996875 0.0859375
3 0.49375 0.64765625 0.9875 0.1015625
3 0.49296875 0.69140625 0.9859375 0.1171875
3 0.4875 0.8484375 0.975 0.121875
3 0.4859375 0.890625 0.971875 0.11875
3 0.25078125 0.490625 0.1296875 0.98125
3 0.5953125 0.50234375 0.16875 0.9953125
3 0.878125 0.5109375 0.215625 0.978125
3 0.9296875 0.4421875 0.140625 0.828125