3 0.63046875 0.1609375 0.7390625 0.321875
3 0.61953125 0.1828125 0.7609375 0.365625
3 0.60703125 0.20703125 0.7859375 0.4140625
3 0.59453125 0.23203125 0.8109375 0.4640625
3 0.58125 0.27421875 0.8375 0.4796875
3 0.5671875 0.328125 0.865625 0.4875
3 0.5546875 0.3796875 0.890625 0.484375
3 0.5265625 0.4484375 0.903125 0.4828125
3 0.49765625 0.50390625 0.90625 0.4890625
3 0.4671875 0.56484375 0.90625 0.4875
3 0.440625 0.634375 0.88125 0.475
3 0.42265625 0.70859375 0.8453125 0.4828125
3 0.4015625 0.77421875 0.803125 0.4515625
3 0.38359375 0.81015625 0.7671875 0.3796875
3 0.3640625 0.8484375 0.728125 0.303125
3 0.2046875 0.390625 0.409375 0.78125
3 0.35 0.44375 0.53125 0.8875
3 0.5859375 0.5328125 0.5625 0.934375
3 0.75 0.58515625 0.5 0.8296875