3 0.49921875 0.0265625 0.9984375 0.053125
3 0.49921875 0.11015625 0.9984375 0.0703125
3 0.49921875 0.20625 0.9984375 0.075
3 0.49921875 0.30546875 0.9984375 0.0796875
3 0.49921875 0.4140625 0.9984375 0.078125
3 0.49921875 0.52890625 0.9984375 0.0828125
3 0.49921875 0.65546875 0.9984375 0.0859375
3 0.49921875 0.803125 0.9984375 0.0875
3 0.48515625 0.94609375 0.9703125 0.0890625
3 0.1578125 0.49921875 0.2125 0.9984375
3 0.38984375 0.49921875 0.2734375 0.9984375
3 0.61796875 0.49921875 0.3328125 0.9984375
3 0.8265625 0.49921875 0.34375 0.9984375
3 0.92734375 0.18046875 0.1421875 0.3609375