3 0.49921875 0.0265625 0.9984375 0.053125
3 0.49921875 0.14609375 0.9984375 0.0703125
3 0.49921875 0.2484375 0.9984375 0.0625
3 0.49921875 0.353125 0.9984375 0.040625
3 0.49921875 0.46328125 0.9984375 0.0296875
3 0.48359375 0.58203125 0.9671875 0.0359375
3 0.4859375 0.70703125 0.971875 0.0515625
3 0.48828125 0.8265625 0.9765625 0.05
3 0.48828125 0.96875 0.9765625 0.03125
3 0.128125 0.49921875 0.128125 0.9984375
3 0.3515625 0.49921875 0.0875 0.9984375
3 0.57421875 0.49921875 0.0640625 0.9984375
3 0.7703125 0.49921875 0.034375 0.9984375
3 0.9703125 0.49921875 0.05625 0.9984375
3 0.86875 0.93671875 0.03125 0.1265625