3 0.50234375 0.421875 0.9921875 0.0609375
3 0.46328125 0.625 0.9203125 0.0703125
3 0.50078125 0.84921875 0.9875 0.0875
3 0.496875 0.29453125 0.99375 0.0578125
3 0.496875 0.18203125 0.99375 0.0671875
3 0.49609375 0.10078125 0.9921875 0.0640625
3 0.4953125 0.02734375 0.990625 0.0546875
3 0.934375 0.1546875 0.125 0.309375
3 0.890625 0.3640625 0.21875 0.728125
3 0.7921875 0.49765625 0.215625 0.9953125
3 0.62578125 0.49921875 0.1078125 0.9984375
3 0.46953125 0.5 0.0859375 1
3 0.31484375 0.50078125 0.1890625 0.9984375
3 0.146875 0.5015625 0.29375 0.996875
3 0.08671875 0.23125 0.1734375 0.453125
3 0.875 0.46171875 0.25 0.9234375