3 0.584375 0.5015625 0.046875 0.996875
3 0.525 0.5015625 0.0375 0.996875
3 0.41875 0.5 0.03125 1
3 0.34375 0.5015625 0.046875 0.996875
3 0.2828125 0.5 0.046875 1
3 0.4546875 0.56328125 0.38125 0.0296875
3 0.4546875 0.4375 0.36875 0.028125
3 0.45625 0.315625 0.371875 0.05
3 0.46328125 0.19765625 0.3671875 0.0671875
3 0.4609375 0.0734375 0.378125 0.08125
3 0.4578125 0.6828125 0.384375 0.053125
3 0.45546875 0.815625 0.3796875 0.071875
3 0.45390625 0.9421875 0.3703125 0.096875
3 0.6328125 0.5 0.0375 1
3 0.23984375 0.5 0.0234375 1