3 0.54765625 0.11015625 0.9046875 0.2203125
3 0.5390625 0.1796875 0.921875 0.246875
3 0.52890625 0.2734375 0.9421875 0.234375
3 0.525 0.315625 0.95 0.23125
3 0.509375 0.459375 0.98125 0.246875
3 0.48515625 0.603125 0.9703125 0.246875
3 0.48203125 0.64375 0.9640625 0.259375
3 0.4703125 0.7453125 0.940625 0.25
3 0.4625 0.834375 0.925 0.271875
3 0.4546875 0.88515625 0.909375 0.2296875
3 0.9109375 0.55078125 0.178125 0.8984375
3 0.8078125 0.534375 0.275 0.93125
3 0.71875 0.5265625 0.246875 0.946875
3 0.5453125 0.5078125 0.253125 0.984375
3 0.503125 0.5 0.2296875 0.98125
3 0.275 0.4734375 0.271875 0.946875
3 0.0875 0.4484375 0.175 0.896875
3 0.55234375 0.08515625 0.8953125 0.1703125