3 0.9375 0.47421875 0.125 0.9484375
3 0.91328125 0.4765625 0.1578125 0.953125
3 0.78984375 0.4828125 0.1546875 0.965625
3 0.72734375 0.4859375 0.1609375 0.971875
3 0.64453125 0.490625 0.1578125 0.98125
3 0.5109375 0.49765625 0.15 0.9953125
3 0.478125 0.50078125 0.1453125 0.9953125
3 0.31328125 0.51015625 0.1453125 0.9796875
3 0.27734375 0.51171875 0.1453125 0.9765625
3 0.1421875 0.51875 0.1375 0.9625
3 0.48515625 0.20703125 0.9703125 0.1796875
3 0.48828125 0.2796875 0.9765625 0.15625
3 0.50234375 0.56796875 0.9953125 0.2078125
3 0.50546875 0.64375 0.9890625 0.246875
3 0.51875 0.88515625 0.9625 0.2296875