3 0.50078125 0.059375 0.9984375 0.028125
3 0.50078125 0.103125 0.9984375 0.0125
3 0.50078125 0.1671875 0.9984375 0.021875
3 0.50078125 0.2359375 0.9984375 0.009375
3 0.50078125 0.28125 0.9984375 0.01875
3 0.50078125 0.38125 0.9984375 0.015625
3 0.50078125 0.4046875 0.9984375 0.009375
3 0.50078125 0.53671875 0.9984375 0.0109375
3 0.50078125 0.559375 0.9984375 0.034375
3 0.50078125 0.7359375 0.9984375 0.03125
3 0.50078125 0.928125 0.9984375 0.0375
3 0.50078125 0.95625 0.9984375 0.034375
3 0.85234375 0.49921875 0.0765625 0.9984375
3 0.77578125 0.49921875 0.0421875 0.9984375
3 0.52734375 0.49921875 0.0515625 0.9984375
3 0.5015625 0.49921875 0.05625 0.9984375
3 0.246875 0.49921875 0.128125 0.9984375
3 0.175 0.49921875 0.171875 0.9984375
3 0.04140625 0.1140625 0.0765625 0.228125