3 0.4984375 0.03984375 0.996875 0.0609375
3 0.4984375 0.08359375 0.996875 0.0546875
3 0.4984375 0.2078125 0.996875 0.05
3 0.4984375 0.27109375 0.996875 0.0578125
3 0.4984375 0.3546875 0.996875 0.053125
3 0.4984375 0.48828125 0.996875 0.0453125
3 0.4984375 0.521875 0.996875 0.040625
3 0.4984375 0.6875 0.996875 0.040625
3 0.4984375 0.7234375 0.996875 0.040625
3 0.4984375 0.85859375 0.996875 0.0328125
3 0.20546875 0.49921875 0.0734375 0.9984375
3 0.27890625 0.49921875 0.0515625 0.9984375
3 0.56875 0.49921875 0.103125 0.9984375
3 0.64453125 0.49921875 0.1421875 0.9984375
3 0.90859375 0.49921875 0.1671875 0.9984375