3 0.97265625 0.5 0.0359375 0.996875
3 0.9296875 0.5 0.046875 0.996875
3 0.8703125 0.5 0.0375 0.996875
3 0.8125 0.5 0.0375 0.996875
3 0.753125 0.5 0.03125 0.996875
3 0.69453125 0.5 0.0390625 0.996875
3 0.63515625 0.5 0.0359375 0.996875
3 0.559375 0.5 0.034375 0.996875
3 0.496875 0.5 0.040625 0.996875
3 0.42890625 0.5 0.0390625 0.996875
3 0.35 0.5 0.025 0.996875
3 0.265625 0.5 0.034375 0.996875
3 0.18359375 0.5 0.0140625 0.996875
3 0.103125 0.5 0.01875 0.996875
3 0.0171875 0.5 0.015625 0.996875
3 0.50078125 0.11640625 0.9984375 0.0546875
3 0.50078125 0.33125 0.9984375 0.0875
3 0.509375 0.5921875 0.98125 0.13125
3 0.50078125 0.8375 0.9984375 0.165625
3 0.88515625 0.97265625 0.2296875 0.0515625