3 0.41640625 0.14765625 0.8328125 0.2953125
3 0.43203125 0.2046875 0.8640625 0.35625
3 0.44453125 0.271875 0.8890625 0.353125
3 0.48515625 0.45625 0.94375 0.3578125
3 0.48046875 0.44296875 0.94375 0.3578125
3 0.5359375 0.61484375 0.928125 0.3515625
3 0.553125 0.715625 0.89375 0.3625
3 0.57265625 0.81796875 0.8546875 0.3578125
3 0.83046875 0.4234375 0.3390625 0.846875
3 0.77890625 0.4421875 0.4421875 0.884375
3 0.58828125 0.4703125 0.3703125 0.940625
3 0.3125 0.54296875 0.40625 0.9140625
3 0.253125 0.5484375 0.46875 0.903125