3 0.9375 0.50078125 0.05 0.9984375
3 0.85625 0.50078125 0.040625 0.9984375
3 0.7859375 0.50078125 0.04375 0.9984375
3 0.7265625 0.50078125 0.0375 0.9984375
3 0.67265625 0.50078125 0.0328125 0.9984375
3 0.6078125 0.50078125 0.03125 0.9984375
3 0.5359375 0.50078125 0.040625 0.9984375
3 0.453125 0.50078125 0.0375 0.9984375
3 0.3640625 0.50078125 0.028125 0.9984375
3 0.2578125 0.50078125 0.021875 0.9984375
3 0.1640625 0.50078125 0.025 0.9984375
3 0.109375 0.50078125 0.021875 0.9984375
3 0.0265625 0.51328125 0.021875 0.9734375
3 0.50078125 0.91953125 0.9984375 0.0515625
3 0.50078125 0.590625 0.9984375 0.059375
3 0.50078125 0.33984375 0.9984375 0.0953125
3 0.50078125 0.053125 0.9984375 0.096875