3 0.3796875 0.1828125 0.759375 0.365625
3 0.40390625 0.23046875 0.8078125 0.4609375
3 0.42890625 0.2984375 0.8578125 0.51875
3 0.45078125 0.38359375 0.9015625 0.5171875
3 0.50546875 0.5109375 0.925 0.525
3 0.54765625 0.6125 0.9046875 0.525
3 0.5765625 0.7296875 0.846875 0.53125
3 0.603125 0.78984375 0.79375 0.4203125
3 0.82578125 0.82578125 0.3484375 0.2921875
3 0.19765625 0.7 0.3953125 0.6
3 0.33203125 0.54296875 0.6640625 0.9140625
3 0.59609375 0.4859375 0.7578125 0.971875
3 0.71796875 0.3875 0.5640625 0.775