3 0.8296875 0.36484375 0.340625 0.7296875
3 0.7734375 0.39453125 0.453125 0.7890625
3 0.72109375 0.41796875 0.5234375 0.8359375
3 0.6296875 0.440625 0.503125 0.88125
3 0.5328125 0.48203125 0.4953125 0.8953125
3 0.42109375 0.52421875 0.484375 0.86875
3 0.31015625 0.571875 0.5015625 0.85625
3 0.22890625 0.6 0.4578125 0.8
3 0.16171875 0.63515625 0.3234375 0.7296875
3 0.3984375 0.23046875 0.796875 0.4609375
3 0.44609375 0.36796875 0.8921875 0.5453125
3 0.5359375 0.565625 0.9125 0.5265625
3 0.5890625 0.73828125 0.821875 0.4984375
3 0.63359375 0.82734375 0.7328125 0.3453125