3 0.81484375 0.38984375 0.3703125 0.7796875
3 0.759375 0.41640625 0.48125 0.8328125
3 0.6515625 0.44375 0.490625 0.8875
3 0.515625 0.49453125 0.4953125 0.9234375
3 0.371875 0.55078125 0.496875 0.8984375
3 0.225 0.5921875 0.45 0.815625
3 0.96796875 0.7546875 0.0640625 0.153125
3 0.58984375 0.771875 0.8203125 0.45625
3 0.56015625 0.70078125 0.8796875 0.5609375
3 0.51484375 0.52890625 0.9578125 0.5609375
3 0.453125 0.3953125 0.90625 0.46875
3 0.41875 0.25625 0.8375 0.465625
3 0.3859375 0.17734375 0.771875 0.3546875