3 0.8328125 0.4453125 0.334375 0.890625
3 0.58125 0.4828125 0.35 0.965625
3 0.4875 0.50234375 0.353125 0.9828125
3 0.278125 0.53828125 0.31875 0.9234375
3 0.12265625 0.565625 0.2453125 0.86875
3 0.434375 0.12265625 0.86875 0.2453125
3 0.43984375 0.1421875 0.8796875 0.284375
3 0.45625 0.25390625 0.9125 0.2953125
3 0.471875 0.35546875 0.94375 0.3140625
3 0.478125 0.40390625 0.95625 0.2921875
3 0.5203125 0.575 0.959375 0.29375
3 0.525 0.61484375 0.95 0.3109375
3 0.54375 0.74140625 0.9125 0.3015625
3 0.56015625 0.853125 0.8796875 0.29375
3 0.56875 0.88125 0.8625 0.2375