3 0.9734375 0.50078125 0.053125 0.9984375
3 0.890625 0.50078125 0.06875 0.9984375
3 0.79375 0.50078125 0.075 0.9984375
3 0.6953125 0.50078125 0.08125 0.9984375
3 0.5859375 0.50078125 0.078125 0.9984375
3 0.471875 0.50078125 0.08125 0.9984375
3 0.3453125 0.50078125 0.084375 0.9984375
3 0.196875 0.50078125 0.0875 0.9984375
3 0.05546875 0.51484375 0.0890625 0.9703125
3 0.50078125 0.8421875 0.9984375 0.2125
3 0.50078125 0.61015625 0.9984375 0.2734375
3 0.50078125 0.38203125 0.9984375 0.3328125
3 0.50078125 0.1734375 0.9984375 0.34375
3 0.8203125 0.07265625 0.359375 0.1421875