3 0.12421875 0.49921875 0.1203125 0.9984375
3 0.415625 0.49921875 0.078125 0.9984375
3 0.51328125 0.49921875 0.0828125 0.9984375
3 0.73046875 0.49921875 0.0453125 0.9984375
3 0.93671875 0.49921875 0.0578125 0.9984375
3 0.49921875 0.0796875 0.9984375 0.028125
3 0.49921875 0.11015625 0.9984375 0.0421875
3 0.49921875 0.2453125 0.9984375 0.021875
3 0.49921875 0.35 0.9984375 0.040625
3 0.49921875 0.4015625 0.9984375 0.01875
3 0.49921875 0.57890625 0.9984375 0.0203125
3 0.49921875 0.6203125 0.9984375 0.0375
3 0.49921875 0.7515625 0.9984375 0.028125
3 0.49921875 0.88125 0.9984375 0.046875
3 0.49921875 0.92890625 0.9984375 0.0265625