3 0.56875 0.24921875 0.8625 0.4296875
3 0.56015625 0.2875 0.8796875 0.425
3 0.23203125 0.43046875 0.4640625 0.8609375
3 0.340625 0.45546875 0.48125 0.9109375
3 0.5953125 0.17109375 0.809375 0.3421875
3 0.6140625 0.5375 0.45 0.925
3 0.51796875 0.45625 0.928125 0.4109375
3 0.4984375 0.50234375 0.934375 0.425
3 0.45 0.653125 0.9 0.421875
3 0.4234375 0.771875 0.846875 0.4125
3 0.41875 0.79453125 0.8375 0.4109375
3 0.40390625 0.83046875 0.8078125 0.3390625
3 0.68125 0.54453125 0.521875 0.9109375
3 0.128125 0.38671875 0.25625 0.7734375