3 0.459375 0.090625 0.91875 0.18125
3 0.4671875 0.1625 0.934375 0.209375
3 0.47578125 0.25546875 0.9515625 0.2140625
3 0.47421875 0.35390625 0.9484375 0.2140625
3 0.49296875 0.4484375 0.9859375 0.225
3 0.5046875 0.5359375 0.990625 0.225
3 0.51328125 0.63515625 0.9734375 0.2296875
3 0.521875 0.7359375 0.95625 0.23125
3 0.53125 0.84375 0.9375 0.234375
3 0.540625 0.9171875 0.91875 0.165625
3 0.45 0.5 0.403125 1
3 0.2515625 0.51640625 0.378125 0.9671875
3 0.65 0.49296875 0.421875 0.9859375
3 0.80625 0.47734375 0.3875 0.9546875
3 0.88359375 0.17421875 0.1828125 0.3484375
3 0.1140625 0.58359375 0.228125 0.8328125