3 0.5140625 0.06953125 0.971875 0.1390625
3 0.5109375 0.16328125 0.978125 0.1265625
3 0.50859375 0.2265625 0.9828125 0.13125
3 0.50703125 0.28359375 0.9859375 0.1203125
3 0.50390625 0.37890625 0.9921875 0.1171875
3 0.503125 0.41015625 0.99375 0.1046875
3 0.49765625 0.5359375 0.9953125 0.103125
3 0.49296875 0.6640625 0.9859375 0.09375
3 0.49140625 0.703125 0.9828125 0.09375
3 0.48828125 0.79609375 0.9765625 0.0921875
3 0.48515625 0.89296875 0.9703125 0.1046875
3 0.48359375 0.93046875 0.9671875 0.1046875
3 0.11640625 0.48671875 0.1453125 0.9734375
3 0.29453125 0.49296875 0.1609375 0.9859375
3 0.51171875 0.5 0.1984375 1
3 0.7234375 0.50625 0.171875 0.9875
3 0.7828125 0.5078125 0.1875 0.984375
3 0.92421875 0.51328125 0.1515625 0.9734375