3 0.396875 0.16953125 0.79375 0.3390625
3 0.415625 0.21171875 0.83125 0.4203125
3 0.43046875 0.27734375 0.8609375 0.4171875
3 0.48203125 0.4578125 0.91875 0.421875
3 0.4765625 0.44453125 0.91875 0.421875
3 0.54609375 0.6109375 0.9078125 0.415625
3 0.56640625 0.70859375 0.8671875 0.4265625
3 0.58984375 0.79921875 0.8203125 0.4015625
3 0.809375 0.40546875 0.38125 0.8109375
3 0.759375 0.428125 0.48125 0.85625
3 0.5859375 0.4609375 0.434375 0.921875
3 0.31875 0.5546875 0.46875 0.890625
3 0.2625 0.5609375 0.525 0.878125