3 0.42109375 0.19453125 0.8421875 0.3890625
3 0.43984375 0.28046875 0.8796875 0.4015625
3 0.46328125 0.40390625 0.9265625 0.3953125
3 0.515625 0.53984375 0.934375 0.3953125
3 0.5390625 0.6140625 0.921875 0.396875
3 0.58515625 0.821875 0.8296875 0.35625
3 0.59140625 0.83671875 0.8171875 0.3265625
3 0.2109375 0.57109375 0.421875 0.8578125
3 0.32890625 0.5484375 0.4109375 0.903125
3 0.5375 0.484375 0.396875 0.934375
3 0.80078125 0.42265625 0.3984375 0.8453125
3 0.834375 0.40859375 0.33125 0.8171875