3 0.903125 0.52578125 0.175 0.9484375
3 0.7890625 0.51875 0.1875 0.9625
3 0.6578125 0.51015625 0.203125 0.9796875
3 0.53984375 0.503125 0.2109375 0.99375
3 0.40078125 0.4953125 0.2328125 0.990625
3 0.23984375 0.4859375 0.2484375 0.971875
3 0.115625 0.47734375 0.23125 0.9546875
3 0.39375 0.878125 0.7875 0.24375
3 0.0453125 0.92890625 0.090625 0.0484375
3 0.48828125 0.78046875 0.9765625 0.3640625
3 0.49765625 0.63828125 0.9953125 0.3953125
3 0.5 0.50859375 1 0.4046875
3 0.5 0.37265625 1 0.4578125
3 0.50703125 0.2421875 0.9859375 0.46875
3 0.596875 0.18671875 0.80625 0.3734375
3 0.74921875 0.13203125 0.5015625 0.2640625
3 0.934375 0.096875 0.13125 0.103125