3 0.55546875 0.0984375 0.8890625 0.196875
3 0.546875 0.1390625 0.90625 0.26875
3 0.5375 0.22265625 0.925 0.2640625
3 0.5265625 0.3234375 0.946875 0.253125
3 0.515625 0.42265625 0.96875 0.2390625
3 0.48984375 0.55234375 0.9734375 0.2359375
3 0.47265625 0.69140625 0.9453125 0.2515625
3 0.45703125 0.83125 0.9140625 0.253125
3 0.446875 0.934375 0.86875 0.13125
3 0.9703125 0.303125 0.059375 0.390625
3 0.80625 0.53359375 0.353125 0.9328125
3 0.59453125 0.5140625 0.2765625 0.971875
3 0.36796875 0.48125 0.2859375 0.9625
3 0.1671875 0.4609375 0.334375 0.921875