3 0.59296875 0.13828125 0.8140625 0.2765625
3 0.5859375 0.15703125 0.828125 0.3140625
3 0.5640625 0.22578125 0.871875 0.4046875
3 0.55234375 0.28515625 0.8953125 0.4109375
3 0.5375 0.3640625 0.925 0.40625
3 0.503125 0.48828125 0.946875 0.4
3 0.490625 0.51953125 0.9453125 0.3953125
3 0.4515625 0.67421875 0.903125 0.3953125
3 0.4453125 0.70703125 0.890625 0.3953125
3 0.4203125 0.8203125 0.840625 0.359375
3 0.22421875 0.4359375 0.4265625 0.871875
3 0.29375 0.44765625 0.40625 0.8953125
3 0.56484375 0.51953125 0.4546875 0.9609375
3 0.634375 0.5296875 0.490625 0.940625
3 0.8125 0.57421875 0.375 0.8515625