3 0.503125 0.03828125 0.990625 0.0390625
3 0.49921875 0.1421875 0.9984375 0.04375
3 0.49921875 0.23984375 0.9984375 0.0359375
3 0.49921875 0.3953125 0.9984375 0.028125
3 0.49921875 0.42421875 0.9984375 0.0140625
3 0.49921875 0.63515625 0.9984375 0.0203125
3 0.49921875 0.71796875 0.9984375 0.0265625
3 0.49921875 0.8703125 0.9984375 0.025
3 0.13515625 0.49921875 0.1109375 0.9984375
3 0.40546875 0.49921875 0.0453125 0.9984375
3 0.6671875 0.49921875 0.03125 0.9984375
3 0.82421875 0.49921875 0.0578125 0.9984375