3 0.5015625 0.09140625 0.996875 0.0328125
3 0.5015625 0.171875 0.996875 0.040625
3 0.5015625 0.26875 0.996875 0.028125
3 0.5015625 0.3109375 0.996875 0.025
3 0.5015625 0.4578125 0.996875 0.040625
3 0.5015625 0.60625 0.996875 0.040625
3 0.5015625 0.646875 0.996875 0.053125
3 0.5015625 0.7515625 0.996875 0.04375
3 0.5015625 0.8421875 0.996875 0.065625
3 0.5015625 0.9125 0.996875 0.059375
3 0.95 0.49921875 0.03125 0.9984375
3 0.815625 0.49921875 0.06875 0.9984375
3 0.7234375 0.49921875 0.040625 0.9984375
3 0.546875 0.49921875 0.046875 0.9984375
3 0.503125 0.49921875 0.021875 0.9984375
3 0.2703125 0.49921875 0.065625 0.9984375
3 0.04453125 0.49921875 0.0359375 0.9984375
3 0.5015625 0.03203125 0.996875 0.0484375