3 0.59609375 0.13046875 0.8078125 0.2609375
3 0.5796875 0.1734375 0.840625 0.346875
3 0.5625 0.225 0.875 0.428125
3 0.54375 0.31796875 0.9125 0.4328125
3 0.525 0.41875 0.95 0.43125
3 0.4890625 0.5265625 0.9625 0.434375
3 0.4625 0.64375 0.925 0.4375
3 0.4359375 0.78125 0.871875 0.4375
3 0.39765625 0.84765625 0.7953125 0.3046875
3 0.22890625 0.43984375 0.4578125 0.8796875
3 0.396875 0.4875 0.6125 0.975
3 0.609375 0.5078125 0.66875 0.984375
3 0.7328125 0.54453125 0.534375 0.9109375
3 0.940625 0.3546875 0.11875 0.3875