3 0.91640625 0.47734375 0.1671875 0.9546875
3 0.79375 0.48359375 0.165625 0.9671875
3 0.6671875 0.48984375 0.1625 0.9796875
3 0.51640625 0.4984375 0.1671875 0.996875
3 0.35703125 0.5078125 0.1703125 0.984375
3 0.1609375 0.51796875 0.1875 0.9640625
3 0.8328125 0.015625 0.234375 0.03125
3 0.48359375 0.13125 0.9671875 0.2625
3 0.490625 0.2765625 0.98125 0.240625
3 0.5 0.4671875 1 0.240625
3 0.50703125 0.61640625 0.9859375 0.1390625
3 0.51484375 0.76953125 0.9703125 0.1359375
3 0.5234375 0.925 0.953125 0.15