3 0.909375 0.53984375 0.18125 0.9203125
3 0.8375 0.53359375 0.209375 0.9328125
3 0.740625 0.53671875 0.2125 0.9265625
3 0.65 0.51484375 0.215625 0.9703125
3 0.55 0.50546875 0.225 0.9890625
3 0.4625 0.49453125 0.225 0.9890625
3 0.3640625 0.4859375 0.23125 0.971875
3 0.2640625 0.47734375 0.23125 0.9546875
3 0.15625 0.46796875 0.234375 0.9359375
3 0.08203125 0.45859375 0.1640625 0.9171875
3 0.5 0.45 1 0.403125
3 0.5171875 0.2515625 0.965625 0.378125
3 0.49375 0.65 0.9875 0.421875
3 0.478125 0.80703125 0.95625 0.3859375
3 0.7109375 0.946875 0.428125 0.10625
3 0.52734375 0.10546875 0.9109375 0.2109375