3 0.49921875 0.07734375 0.9984375 0.0734375
3 0.49921875 0.2046875 0.9984375 0.0625
3 0.49921875 0.33203125 0.9984375 0.0578125
3 0.49921875 0.48515625 0.9984375 0.0640625
3 0.49921875 0.64296875 0.9984375 0.0671875
3 0.49921875 0.840625 0.9984375 0.084375
3 0.02890625 0.11484375 0.0578125 0.2296875
3 0.11015625 0.49921875 0.1984375 0.9984375
3 0.2765625 0.49921875 0.1375 0.9984375
3 0.4671875 0.49921875 0.1375 0.9984375
3 0.6171875 0.49921875 0.034375 0.9984375
3 0.77109375 0.49921875 0.0296875 0.9984375
3 0.93125 0.49921875 0.053125 0.9984375