3 0.903125 0.5671875 0.19375 0.865625
3 0.87421875 0.56015625 0.2515625 0.8796875
3 0.82578125 0.55078125 0.2953125 0.8984375
3 0.72890625 0.53828125 0.2828125 0.9234375
3 0.70390625 0.53515625 0.2765625 0.9296875
3 0.57734375 0.5171875 0.2953125 0.965625
3 0.54375 0.5125 0.2921875 0.9734375
3 0.40546875 0.48125 0.2953125 0.9625
3 0.23671875 0.4578125 0.2890625 0.915625
3 0.103125 0.434375 0.20625 0.86875
3 0.45078125 0.84609375 0.9015625 0.3078125
3 0.45859375 0.80859375 0.9171875 0.3828125
3 0.484375 0.6328125 0.96875 0.421875
3 0.49140625 0.55703125 0.9828125 0.3734375
3 0.52421875 0.359375 0.9515625 0.30625
3 0.534375 0.2890625 0.93125 0.3
3 0.559375 0.12734375 0.88125 0.2546875
3 0.8484375 0.11015625 0.303125 0.1421875