3 0.49921875 0.06953125 0.9984375 0.0359375
3 0.50078125 0.1578125 0.9953125 0.0375
3 0.5125 0.25390625 0.971875 0.0453125
3 0.4890625 0.35078125 0.978125 0.0453125
3 0.49921875 0.4484375 0.9984375 0.053125
3 0.49921875 0.5375 0.9984375 0.053125
3 0.49921875 0.63828125 0.9984375 0.0578125
3 0.49921875 0.740625 0.9984375 0.059375
3 0.49921875 0.85 0.9984375 0.0625
3 0.49921875 0.9609375 0.9984375 0.065625
3 0.44921875 0.49921875 0.2328125 0.9984375
3 0.24765625 0.49921875 0.2078125 0.9984375
3 0.65234375 0.49921875 0.2515625 0.9984375
3 0.83984375 0.49921875 0.2734375 0.9984375
3 0.9421875 0.2078125 0.1125 0.415625
3 0.06796875 0.54921875 0.1359375 0.9015625