3 0.53671875 0.42421875 0.9234375 0.4640625
3 0.51171875 0.478125 0.91875 0.4546875
3 0.465625 0.5734375 0.91875 0.4515625
3 0.4484375 0.64140625 0.896875 0.4640625
3 0.43515625 0.6984375 0.8703125 0.465625
3 0.53828125 0.56796875 0.1875 0.3578125
3 0.4234375 0.51640625 0.18125 0.3453125
3 0.3140625 0.46171875 0.203125 0.3578125
3 0.21015625 0.40546875 0.215625 0.3609375
3 0.10625 0.35546875 0.2125 0.3765625
3 0.64765625 0.615625 0.2109375 0.3703125
3 0.7671875 0.6734375 0.225 0.375
3 0.8796875 0.72890625 0.240625 0.3765625
3 0.546875 0.38125 0.90625 0.45625
3 0.4234375 0.7359375 0.846875 0.44375