3 0.965625 0.50078125 0.028125 0.9984375
3 0.9046875 0.50078125 0.025 0.9984375
3 0.8375 0.50078125 0.0375 0.9984375
3 0.7375 0.50078125 0.025 0.9984375
3 0.7125 0.50078125 0.01875 0.9984375
3 0.58125 0.50078125 0.0375 0.9984375
3 0.5453125 0.50078125 0.034375 0.9984375
3 0.403125 0.50078125 0.0375 0.9984375
3 0.228125 0.50078125 0.03125 0.9984375
3 0.0390625 0.50078125 0.046875 0.9984375
3 0.534375 0.90703125 0.93125 0.1859375
3 0.50078125 0.87734375 0.9984375 0.2453125
3 0.50078125 0.6375 0.9984375 0.16875
3 0.50078125 0.559375 0.9984375 0.11875
3 0.50078125 0.3546875 0.9984375 0.05
3 0.50078125 0.28125 0.9984375 0.04375
3 0.50078125 0.07265625 0.9984375 0.0796875
3 0.78984375 0.01875 0.4203125 0.034375