3 0.5015625 0.04453125 0.996875 0.0578125
3 0.5015625 0.12890625 0.996875 0.0453125
3 0.5015625 0.215625 0.996875 0.040625
3 0.49765625 0.3203125 0.9890625 0.03125
3 0.5015625 0.4203125 0.996875 0.015625
3 0.5015625 0.553125 0.996875 0.0125
3 0.5015625 0.696875 0.996875 0.028125
3 0.5015625 0.83984375 0.996875 0.0296875
3 0.5578125 0.9828125 0.884375 0.03125
3 0.96328125 0.1921875 0.0734375 0.384375
3 0.8140625 0.49921875 0.13125 0.9984375
3 0.596875 0.49921875 0.053125 0.9984375
3 0.3640625 0.49921875 0.0625 0.9984375
3 0.1515625 0.49921875 0.125 0.9984375