3 0.52109375 0.0453125 0.9578125 0.090625
3 0.5171875 0.10859375 0.965625 0.1390625
3 0.5140625 0.17890625 0.971875 0.1421875
3 0.5125 0.22734375 0.975 0.1359375
3 0.50703125 0.34140625 0.9859375 0.1421875
3 0.50625 0.37890625 0.9875 0.1296875
3 0.49921875 0.50546875 0.9984375 0.146875
3 0.49296875 0.64765625 0.9859375 0.1390625
3 0.49140625 0.6828125 0.9828125 0.14375
3 0.4875 0.78125 0.975 0.140625
3 0.48359375 0.86640625 0.9671875 0.1421875
3 0.48046875 0.92734375 0.9609375 0.1390625
3 0.171875 0.4859375 0.19375 0.971875
3 0.390625 0.4953125 0.190625 0.990625
3 0.50078125 0.5 0.2171875 1
3 0.63046875 0.50390625 0.2046875 0.9921875
3 0.79453125 0.51015625 0.2328125 0.9796875
3 0.878125 0.52421875 0.228125 0.9515625