3 0.4984375 0.415625 0.996875 0.046875
3 0.49921875 0.475 0.9984375 0.0375
3 0.5 0.58125 1 0.03125
3 0.4984375 0.65625 0.996875 0.046875
3 0.5 0.71796875 1 0.0484375
3 0.43671875 0.5453125 0.0296875 0.38125
3 0.56328125 0.54609375 0.0296875 0.3703125
3 0.68515625 0.54375 0.0515625 0.371875
3 0.80390625 0.53671875 0.0671875 0.3671875
3 0.92734375 0.53984375 0.0796875 0.3765625
3 0.3171875 0.5421875 0.053125 0.384375
3 0.18515625 0.54453125 0.0734375 0.3796875
3 0.0578125 0.54609375 0.096875 0.3703125
3 0.5 0.36875 1 0.0375
3 0.5 0.76015625 1 0.0234375