3 0.9453125 0.49921875 0.0375 0.9984375
3 0.82109375 0.49765625 0.0234375 0.9953125
3 0.71015625 0.5 0.0359375 1
3 0.61953125 0.5 0.0390625 1
3 0.53046875 0.4953125 0.0484375 0.990625
3 0.46015625 0.5 0.0609375 1
3 0.39375 0.5 0.075 1
3 0.3171875 0.5 0.08125 1
3 0.259375 0.5 0.090625 1
3 0.2015625 0.4984375 0.1 0.996875
3 0.15234375 0.49765625 0.0984375 0.9953125
3 0.10390625 0.496875 0.1078125 0.99375
3 0.06171875 0.5 0.1140625 1
3 0.40234375 0.1078125 0.7828125 0.215625
3 0.5015625 0.17265625 0.996875 0.2390625
3 0.5 0.2875 1 0.1625
3 0.5 0.39609375 0.99375 0.0921875
3 0.49921875 0.509375 0.9953125 0.03125
3 0.49921875 0.58515625 0.9984375 0.0734375
3 0.50078125 0.6359375 0.9921875 0.096875
3 0.50625 0.740625 0.978125 0.14375
3 0.5015625 0.85546875 0.996875 0.2140625
3 0.3 0.91640625 0.6 0.1671875
3 0.03671875 0.34921875 0.0734375 0.6984375
3 0.20703125 0.0734375 0.4140625 0.146875
3 0.0171875 0.1546875 0.034375 0.309375
3 0.09375 0.040625 0.1875 0.08125
3 0.08828125 0.965625 0.1765625 0.065625