3 0.1921875 0.4421875 0.371875 0.884375
3 0.22734375 0.44609375 0.3546875 0.8921875
3 0.52109375 0.5078125 0.4109375 0.9828125
3 0.728125 0.540625 0.40625 0.91875
3 0.821875 0.5609375 0.35625 0.878125
3 0.959375 0.415625 0.08125 0.50625
3 0.57734375 0.12578125 0.8453125 0.2515625
3 0.57109375 0.14453125 0.8578125 0.2890625
3 0.55234375 0.225 0.8953125 0.3625
3 0.534375 0.3375 0.93125 0.35625
3 0.52578125 0.39296875 0.9484375 0.3546875
3 0.5125 0.45859375 0.9609375 0.3453125
3 0.47890625 0.5734375 0.9578125 0.359375
3 0.4546875 0.70859375 0.909375 0.3359375
3 0.446875 0.7640625 0.89375 0.340625
3 0.4328125 0.83828125 0.865625 0.3234375
3 0.41328125 0.9125 0.8265625 0.175