3 0.58828125 0.16796875 0.8234375 0.3359375
3 0.56640625 0.22890625 0.8671875 0.4359375
3 0.53984375 0.35234375 0.9203125 0.4515625
3 0.5140625 0.4625 0.9609375 0.459375
3 0.47265625 0.59296875 0.9453125 0.4796875
3 0.44375 0.74296875 0.8875 0.4921875
3 0.41875 0.809375 0.8375 0.38125
3 0.16328125 0.4234375 0.3265625 0.834375
3 0.26875 0.45078125 0.5375 0.9015625
3 0.37109375 0.48046875 0.6296875 0.9609375
3 0.490625 0.5 0.6375 1
3 0.61796875 0.51015625 0.6890625 0.9796875
3 0.6953125 0.53359375 0.609375 0.9328125
3 0.77421875 0.55078125 0.4515625 0.8890625
3 0.88125 0.43515625 0.2375 0.5734375