3 0.06640625 0.49921875 0.0515625 0.9984375
3 0.18828125 0.49921875 0.1046875 0.9984375
3 0.48828125 0.5 0.1203125 0.996875
3 0.56875 0.49921875 0.159375 0.9984375
3 0.84296875 0.49921875 0.0703125 0.9984375
3 0.49921875 0.2734375 0.9984375 0.040625
3 0.49921875 0.38515625 0.9984375 0.0296875
3 0.49921875 0.47265625 0.9984375 0.0265625
3 0.49921875 0.6125 0.9984375 0.05625
3 0.49921875 0.67890625 0.9984375 0.0484375
3 0.49921875 0.84765625 0.9984375 0.0890625
3 0.49921875 0.896875 0.9984375 0.0625