3 0.89375 0.5 0.046875 0.996875
3 0.915625 0.5 0.040625 0.996875
3 0.7546875 0.5 0.046875 0.996875
3 0.6515625 0.5 0.0375 0.996875
3 0.584375 0.5 0.028125 0.996875
3 0.45 0.5 0.028125 0.996875
3 0.296875 0.5 0.01875 0.996875
3 0.2078125 0.5 0.028125 0.996875
3 0.1265625 0.5 0.034375 0.996875
3 0.51015625 0.12109375 0.9796875 0.0671875
3 0.50078125 0.25 0.9984375 0.078125
3 0.50078125 0.4109375 0.9984375 0.046875
3 0.50078125 0.571875 0.9984375 0.065625
3 0.50078125 0.6578125 0.9984375 0.0375
3 0.50078125 0.9171875 0.9984375 0.06875