3 0.49921875 0.06171875 0.9984375 0.0421875
3 0.49921875 0.1390625 0.9984375 0.05
3 0.49921875 0.2359375 0.9984375 0.046875
3 0.49921875 0.41875 0.9984375 0.046875
3 0.49921875 0.40703125 0.9984375 0.0484375
3 0.49921875 0.6140625 0.9984375 0.05625
3 0.49921875 0.7453125 0.9984375 0.053125
3 0.49921875 0.8421875 0.9984375 0.05625
3 0.16015625 0.49921875 0.0640625 0.9984375
3 0.203125 0.49921875 0.04375 0.9984375
3 0.5796875 0.49921875 0.10625 0.9984375
3 0.74296875 0.49921875 0.1609375 0.9984375
3 0.94375 0.284375 0.109375 0.56875