3 0.17734375 0.43828125 0.3546875 0.8765625
3 0.41953125 0.4796875 0.3828125 0.959375
3 0.5125 0.503125 0.3875 0.975
3 0.71953125 0.54375 0.3515625 0.9125
3 0.86640625 0.575 0.2671875 0.85
3 0.575 0.13359375 0.85 0.2671875
3 0.56875 0.1515625 0.8625 0.303125
3 0.55 0.25703125 0.9 0.3296875
3 0.53203125 0.35625 0.9359375 0.346875
3 0.52578125 0.40546875 0.9484375 0.3265625
3 0.4765625 0.575 0.953125 0.328125
3 0.47109375 0.6140625 0.9421875 0.34375
3 0.45 0.73828125 0.9 0.3359375
3 0.43125 0.84296875 0.8625 0.3140625
3 0.42265625 0.8703125 0.8453125 0.259375