3 0.49921875 0.05859375 0.9984375 0.0171875
3 0.49921875 0.10703125 0.9984375 0.0265625
3 0.49921875 0.2796875 0.9984375 0.03125
3 0.49921875 0.3234375 0.9984375 0.028125
3 0.49921875 0.55546875 0.9984375 0.0296875
3 0.49921875 0.57890625 0.9984375 0.0296875
3 0.484375 0.8390625 0.96875 0.04375
3 0.49921875 0.87421875 0.9984375 0.0421875
3 0.23046875 0.49921875 0.0390625 0.9984375
3 0.175 0.56953125 0.09375 0.8609375
3 0.59453125 0.49921875 0.0984375 0.9984375
3 0.71875 0.49921875 0.178125 0.9984375