3 0.4 0.1796875 0.8 0.359375
3 0.41953125 0.2328125 0.8390625 0.428125
3 0.4390625 0.31640625 0.878125 0.4296875
3 0.46328125 0.421875 0.921875 0.43125
3 0.51953125 0.5484375 0.921875 0.4296875
3 0.559375 0.67890625 0.88125 0.4234375
3 0.5859375 0.79375 0.828125 0.4125
3 0.61015625 0.84765625 0.7796875 0.3046875
3 0.2390625 0.1328125 0.478125 0.265625
3 0.23984375 0.5765625 0.4796875 0.846875
3 0.428125 0.53203125 0.4875 0.9359375
3 0.61875 0.4546875 0.4375 0.909375
3 0.79765625 0.4109375 0.4046875 0.821875
3 0.03203125 0.41640625 0.0640625 0.3953125