3 0.53125 0.0953125 0.9375 0.171875
3 0.525 0.17421875 0.95 0.1796875
3 0.51875 0.27109375 0.9625 0.1671875
3 0.51640625 0.31328125 0.9671875 0.1640625
3 0.50546875 0.45859375 0.9890625 0.1796875
3 0.49140625 0.60546875 0.9828125 0.1796875
3 0.4890625 0.6453125 0.978125 0.190625
3 0.48125 0.74921875 0.9625 0.1828125
3 0.47578125 0.8390625 0.9515625 0.203125
3 0.4703125 0.9046875 0.940625 0.190625
3 0.93046875 0.53203125 0.1390625 0.9359375
3 0.81171875 0.521875 0.2078125 0.95625
3 0.72109375 0.51640625 0.1796875 0.9671875
3 0.54609375 0.50390625 0.1859375 0.9921875
3 0.503125 0.5 0.1609375 0.9921875
3 0.27265625 0.4828125 0.2046875 0.965625
3 0.06796875 0.46640625 0.1359375 0.9328125
3 0.534375 0.06484375 0.93125 0.1296875