3 0.9046875 0.51875 0.10625 0.9625
3 0.88125 0.51796875 0.1 0.9640625
3 0.721875 0.5109375 0.1 0.978125
3 0.6984375 0.51015625 0.103125 0.9796875
3 0.5390625 0.50234375 0.1125 0.9953125
3 0.5234375 0.50234375 0.103125 0.9953125
3 0.3515625 0.49296875 0.11875 0.9859375
3 0.309375 0.49140625 0.134375 0.9828125
3 0.1515625 0.48515625 0.140625 0.9703125
3 0.109375 0.4828125 0.1375 0.965625
3 0.4890625 0.74765625 0.978125 0.1484375
3 0.50390625 0.40546875 0.9921875 0.1859375
3 0.51484375 0.12109375 0.9703125 0.2328125
3 0.60625 0.08125 0.7875 0.1625