3 0.4953125 0.09296875 0.990625 0.0328125
3 0.49609375 0.18515625 0.9921875 0.0328125
3 0.496875 0.25625 0.99375 0.028125
3 0.4984375 0.453125 0.996875 0.034375
3 0.4984375 0.4390625 0.996875 0.034375
3 0.50078125 0.621875 0.9984375 0.028125
3 0.5015625 0.728125 0.996875 0.0375
3 0.503125 0.8390625 0.99375 0.034375
3 0.08671875 0.503125 0.1359375 0.99375
3 0.19375 0.50234375 0.140625 0.9953125
3 0.4046875 0.50078125 0.0484375 0.9984375
3 0.69765625 0.49765625 0.0859375 0.9953125
3 0.7609375 0.496875 0.153125 0.99375