3 0.48515625 0.09453125 0.9703125 0.1234375
3 0.4890625 0.20859375 0.978125 0.1359375
3 0.49453125 0.34140625 0.9890625 0.1515625
3 0.4984375 0.46015625 0.996875 0.1609375
3 0.5015625 0.60078125 0.996875 0.1828125
3 0.50703125 0.7609375 0.9859375 0.196875
3 0.51171875 0.89765625 0.9765625 0.2046875
3 0.1078125 0.59609375 0.215625 0.8078125
3 0.04765625 0.94296875 0.0390625 0.1140625
3 0.2171875 0.50625 0.3125 0.9875
3 0.3609375 0.5 0.34375 1
3 0.490625 0.5 0.353125 1
3 0.62734375 0.5 0.4078125 1
3 0.7578125 0.4953125 0.41875 0.990625
3 0.82578125 0.409375 0.3484375 0.81875
3 0.88125 0.2578125 0.2375 0.515625
3 0.9265625 0.07578125 0.09375 0.1515625